chromosome_BroadS1	position_BroadS1	curated_cM
1	241608	0
1	612298	0.0000001
1	715797	0.0000002
1	956634	0.711856
1	983330	0.7118561
1	1190613	1.665939
1	1236417	1.6659391
1	1330208	2.1626602
1	1391915	3.4076482
1	1464000	3.6214473
1	1911436	12.4296183
1	1913462	12.9301635
1	2092038	14.5022937
1	2169783	16.1879503
1	2354812	18.4431972
1	2363639	18.4431973
1	2544241	21.1405559
1	2551672	21.495669
1	2575287	21.8509028
1	2589721	21.8509029
1	2659117	23.3412851
1	2884565	26.1587829
1	3037319	26.158783
1	3100967	26.514014
1	3152276	26.5140141
1	4319658	34.7876065
1	4335072	35.2134242
1	6301896	41.6702348
1	6550219	42.0430142
1	6596684	42.4066992
1	7132319	42.5883396
1	7435267	42.7658132
1	7469158	42.7658133
1	7604030	42.9432771
1	7937619	43.2985712
1	8131876	43.2985713
1	9359659	44.9087195
1	9598491	44.9087196
1	9945959	45.4421967
1	10262757	45.7974845
1	10392172	45.7974846
1	10646861	45.7974847
1	10816847	45.7974848
1	11094415	45.7974849
1	11360199	45.797485
1	11964985	45.7974851
1	12220179	45.7974852
1	12222166	45.7974853
1	12389943	45.7974854
1	12865665	45.7974855
1	12991415	45.7974856
1	13370423	46.1527913
1	13376378	46.1527914
1	13833891	46.3302709
1	13883327	46.5077503
1	13949714	46.5077504
1	13971233	46.5077505
1	13973589	46.5077506
1	14210810	46.6852334
1	14598901	46.6852335
1	14892477	47.0405347
1	15022178	47.0405348
1	15031340	47.0405349
1	15126713	47.040535
1	15464652	47.0405386
1	15819235	47.2180134
1	16076902	47.3954928
1	16177434	47.3954929
1	16237382	47.395493
1	16355823	47.3954931
1	16370824	47.3954932
1	16388855	47.3954933
1	16469279	47.3954934
1	16987460	48.4658319
1	18081756	48.465832
1	18455325	48.8211317
1	19749589	48.8211318
1	20003473	49.7122731
1	20018177	49.7122732
1	20035610	49.8897594
1	20094256	49.8897595
1	20406713	50.4232443
1	20727495	52.5791302
1	20739850	52.5791303
1	20798036	53.2913415
1	21023542	53.2913416
1	21255007	54.162251
1	21424289	55.253102
1	21460023	55.2531021
1	21595761	55.4304748
1	21629838	57.8073016
1	21680511	58.660221
1	21757941	59.3352916
1	21770507	59.7267985
1	21798544	59.7267986
1	21849910	59.9042778
1	21906006	60.081711
1	21919654	61.1519303
1	21954115	61.1519304
1	21974474	61.3293903
1	22033444	61.7616731
1	22053314	63.0685187
1	22462553	63.6460958
1	22534232	65.33884
1	22707912	65.9681201
1	22871469	66.7994089
1	22907481	67.2136941
1	22935134	67.3911448
1	23065327	67.3911449
1	23195601	67.391145
1	23318769	67.3911451
1	23357908	67.3911452
1	23376739	67.3911453
1	23499877	67.3911454
1	23825248	67.3911455
1	24135008	67.3911456
1	24575819	67.746361
1	24593361	68.6368256
1	24898852	70.4257893
1	24979103	71.0352156
1	24989686	71.8490736
1	25111558	72.0264929
1	25143764	72.2038562
1	25662395	74.0886304
1	26127156	75.7336751
1	26510322	76.3128811
1	26934623	76.3128812
1	27013226	76.3128813
1	27341739	83.1148632
1	27419213	83.1148633
1	27578150	83.1148634
1	27634509	83.1148635
1	27739370	84.0053646
1	27785797	84.5386784
1	27831003	84.5386785
1	27866150	84.5386786
1	27955699	84.5386787
1	28080164	84.5386788
1	28121372	84.5386789
1	28134695	84.538679
1	28144937	84.5386791
2	557037	0
2	747569	0.0000001
2	890973	0.0000002
2	911310	0.0000003
2	1171497	0.0000004
2	1210851	0.0000005
2	2366744	1.6095741
2	2509506	1.6095742
2	2550239	1.6095743
2	3126021	2.2771154
2	3210498	2.4986854
2	3353997	3.0320945
2	3366048	3.0320946
2	3515995	3.0320947
2	3675533	3.5654751
2	3704341	3.9500796
2	3762186	3.9500797
2	4000000	5.2401833
2	4295485	5.8817107
2	4347576	5.8817108
2	4351184	5.8817109
2	4515823	6.4150663
2	4523619	6.4150664
2	4689476	6.7702953
2	4707277	6.7702954
2	4725855	6.7702955
2	4743030	6.7702956
2	5244024	8.0194594
2	5249616	8.0194595
2	5325821	8.0194596
2	5344760	8.0194597
2	5395534	8.3746977
2	5457711	8.9080693
2	5561506	8.9080694
2	5573666	8.9080695
2	5633642	8.9080696
2	5636171	9.3026721
2	5665753	9.3026722
2	5772380	9.7628543
2	6050141	10.6874938
2	6075091	10.864922
2	6079146	11.0422522
2	6833375	13.8628146
2	8314680	15.303894
2	8355644	15.528742
2	8529365	16.4193861
2	8595835	16.5080142
2	8602012	16.5967259
2	8680760	16.7741874
2	8753413	17.129439
2	9355423	17.8412504
2	9790003	19.4311535
2	10052990	19.5295316
2	10146053	19.6277472
2	10288972	19.805215
2	10342369	19.8052151
2	10413469	19.8052152
2	10604404	20.1604666
2	10641127	20.1604667
2	11143793	20.3379226
2	11321982	20.6931785
2	11380671	20.6931786
2	11407651	20.6931787
2	11647581	21.0484211
2	11698397	21.0484212
2	12493408	21.2258827
2	13048085	21.2258828
2	13282409	21.2258829
2	13330392	21.225883
2	13352341	21.2258831
2	13491924	21.4033356
2	13686615	21.758587
2	13769345	21.7585871
2	13803475	21.7585872
2	13867109	21.9360498
2	14064329	21.9360499
2	14179562	21.93605
2	14740149	22.4694101
2	15210842	22.6468525
2	15452289	22.6468526
2	15651698	22.8242963
2	16326332	23.3575371
2	17811660	26.4128426
2	17898053	26.6001639
2	17927279	26.7776193
2	18007864	27.1328828
2	18021346	27.5199359
2	18693726	33.3015202
2	18750056	33.8958112
2	18777732	34.0732511
2	18800290	34.4875815
2	18899439	35.3190903
2	18930998	35.3190904
2	19208761	37.4502732
2	19536785	41.7124432
2	19830389	44.5565171
2	20012559	46.9959207
2	20126065	48.3075732
2	20198343	49.0862914
2	20297049	50.9333594
2	20871566	57.6327093
2	20955834	57.8142656
2	21017516	58.1986475
2	21206815	59.9450217
2	21213734	60.1369055
2	21245472	60.9012632
2	21361230	62.7264969
2	21482193	63.3526154
2	21507499	63.3526155
2	21564554	63.3526156
2	21696833	63.9623956
2	21814245	64.7768075
2	21891616	65.3102893
2	21907917	65.3102894
2	21963567	65.3102895
2	21999411	65.8437855
2	22061012	66.3773099
2	22116617	66.5547637
2	22149462	66.9100875
2	22157165	67.2616799
3	689235	0
3	947277	1.1254999
3	1199651	2.5256514
3	1653088	4.323577
3	1675886	4.7782309
3	1878154	5.347115
3	2035076	6.0586395
3	2289378	6.9487495
3	3898235	7.9872612
3	5214420	9.4458586
3	5246202	9.6232416
3	5263777	9.6232417
3	5350550	9.9784298
3	5585737	9.9784299
3	5618993	10.1558802
3	5647852	10.1558803
3	5890766	10.1558804
3	5965129	10.3333306
3	5991257	10.3333307
3	6510713	11.044948
3	6734210	11.0449481
3	6810396	11.4001724
3	6994046	11.5775901
3	7498749	12.3360915
3	8346392	14.4389519
3	8515948	14.438952
3	8718045	14.6163968
3	8808333	14.9716031
3	9127833	15.5048519
3	9509751	16.0380916
3	9608043	16.0380917
3	9871896	16.3932935
3	10116956	16.7484952
3	10178070	16.7484953
3	10195259	16.7484954
3	10388336	17.1037031
3	10492594	17.3401719
3	10789069	17.8142128
3	10901717	18.5258607
3	10954415	18.8810516
3	11013307	18.8810535
3	11137604	18.8810536
3	11311266	19.0726888
3	12505929	21.224804
3	12891582	23.0312842
3	13014992	23.7093514
3	13197286	23.8949217
3	13964816	30.2050165
3	14416367	32.3797902
3	14460350	33.4743239
3	14525075	33.474324
3	14693503	35.4982273
3	14877319	38.7408445
3	15014394	39.9175386
3	15272237	40.700164
3	15812848	41.8739063
3	15869592	42.4270616
3	15892690	42.7169011
3	16335987	47.7498077
4	473121	0
4	542603	0.0000001
4	570692	0.0000002
4	1090515	1.4287318
4	1372198	4.3023624
4	1416215	5.1709499
4	1646099	5.911881
4	1668285	5.9118811
4	1700232	5.9118812
4	1710912	5.9118813
4	1840361	6.1185494
4	1944600	7.1586405
4	2337600	10.2470594
4	2344100	10.6567421
4	3183661	19.6266905
4	3541899	22.3937189
4	3763385	25.8779088
4	3778296	26.1032333
4	3830897	26.1032334
4	3846428	26.1032335
4	4185607	29.3346231
4	4188425	29.5405954
4	4637636	33.7127079
4	4897632	35.0884023
4	4967368	35.0884024
4	5235411	35.6748099
4	5255599	35.67481
4	5432665	36.2082036
4	5455187	36.2082037
4	5552425	36.385645
4	5835065	37.0975144
4	6024096	38.0878116
4	6309217	38.87894
4	6394434	39.056375
4	6404573	39.0563751
4	6467219	39.2338423
4	6474941	39.4112968
4	6528988	39.4113005
4	7234272	39.5887765
4	7343206	39.5887766
4	7366330	39.5887767
4	7733735	40.0330697
4	7965857	40.0330698
4	8262659	40.4773694
4	8895770	40.4773695
4	9103000	40.4773696
4	10235819	40.9036825
4	11192842	41.5443521
4	11693746	41.8996209
4	11850834	42.0770869
4	11984797	42.077087
4	12377328	42.4323655
4	12797213	42.609826
4	12808684	42.6098261
4	12831063	42.6098262
4	12962773	43.143249
4	13354106	43.4985097
4	14024922	43.8537793
4	14163640	43.8537794
4	14417576	44.2803398
4	15014326	44.4932232
4	15026625	44.4932233
4	15459588	44.9197677
4	15482691	44.9197678
4	15631335	44.9197679
4	16142957	45.4531714
4	17215623	45.4531715
4	17771380	45.4531716
4	17957102	45.986575
4	18026184	45.9865751
4	18028139	45.9865752
4	18211421	45.9865753
4	18291569	45.9865754
4	18403594	45.9865755
4	18501378	45.9865756
4	18880314	45.9865757
4	19337115	46.3418543
4	19344934	46.3418544
4	20387366	46.3418545
4	20426041	46.3418546
4	20463111	46.3418547
4	21388053	46.3418548
4	21628064	46.3418549
4	21761682	46.341855
4	22027974	46.697147
4	22054581	46.8746108
4	22417602	46.8746109
4	23345982	46.874611
4	23476881	48.1243658
4	24536930	48.1243659
4	26331521	48.836335
4	26337949	49.5483749
4	26761764	49.9036717
4	26874807	50.0811389
4	27187528	50.081139
4	27333098	50.0811391
4	27850533	50.0811392
4	28016527	50.0811393
4	28451235	50.6146145
4	28460920	50.6146146
4	28479446	50.6146147
4	29406006	52.6651469
4	29785599	54.5895129
4	30047318	55.8201117
4	30375117	57.6037139
4	30590473	58.5399095
4	30769439	59.5749616
4	30847949	60.5145279
4	31019699	61.3087742
4	31078625	61.5239332
4	31085525	61.5239333
4	31245885	62.8006247
4	31347117	63.7509349
4	31632597	66.7087303
4	31663162	66.9199302
4	32116000	73.1722321
4	32230020	73.5366334
4	32309121	73.8919228
4	32343704	74.2471945
4	32458301	74.2471946
5	503006	0
5	580662	1E-07
5	855049	2E-07
5	948406	3E-07
5	1465834	4E-07
5	1648713	5E-07
5	1832717	6E-07
5	2492909	7E-07
5	3358232	8E-07
5	3652212	9E-07
5	3757033	0.5335535
5	3764951	1.165135
5	3853817	2.8160242
5	4621983	3.0344717
5	5204953	3.0344718
5	5584481	3.3898108
5	5597095	3.5672272
5	5706086	4.9021043
5	6153181	6.4035876
5	6319659	6.6401115
5	6322067	7.5912486
5	6361256	9.9937152
5	6807322	10.1798094
5	6892401	10.3660185
5	7086954	10.3660186
5	7957900	16.0070186
5	8024392	16.4072093
5	8175618	16.5846708
5	8185268	16.5846709
5	8212202	16.584671
5	8238830	16.5846711
5	8359716	17.7354888
5	8893603	21.6001811
5	9031323	22.8938699
5	9088178	23.4835294
5	9498771	24.753453
5	9625295	25.7013832
5	9836684	26.4588345
5	9852420	26.6362645
5	9924842	27.2161465
5	10445636	33.0252922
5	10474164	33.231484
5	10491281	33.2314841
5	11124668	40.8731801
5	11274417	41.0504859
5	11331388	41.2277572
5	11660557	45.3193698
5	11668535	45.5369807
5	11719344	45.7353057
5	11783981	47.5416198
5	11951898	47.723859
5	11963962	47.7238591
6	839475	0
6	941164	1E-07
6	954425	1.2501978
6	1010580	1.427588
6	1157676	2.318644
6	1348888	3.4670499
6	1378226	3.9231094
6	1460813	3.9231095
6	1477593	4.2784288
6	1671088	4.2784289
6	1974172	4.5149401
6	2126345	4.9892417
6	2309759	5.1667074
6	2894532	5.1667075
6	3176945	5.1667076
6	4644378	9.3500001
6	4691127	9.5272645
6	4803218	9.7047289
6	4848625	10.0257833
6	5118295	11.6706459
6	5346137	11.670646
6	5380914	11.8481116
6	6007515	12.5600778
6	6024599	12.5600779
6	6165315	12.9660321
6	6545294	13.7805985
6	6970521	13.9832381
6	7287592	14.33852
6	8010236	14.8719726
6	8075918	15.2272423
6	8097004	15.2272424
6	8363496	15.4488263
6	8826854	16.1163998
6	9145321	16.9478147
6	9206839	17.3620982
6	9312560	17.3620983
6	9824191	18.9715707
6	9840051	18.9715708
6	9887887	18.9715709
6	9963262	18.971571
6	9980244	19.149037
6	10032451	19.1490371
6	10190034	19.1490372
6	10524303	19.3265021
6	10534349	19.3265022
6	10593734	19.503967
6	10754676	19.5039671
6	10955667	20.2158046
6	10986677	20.2158047
6	11005734	20.3932696
6	11046331	20.3932697
6	11206670	20.3932698
6	11381093	21.2838731
6	11421611	21.5056263
6	11577919	21.7273996
6	11863496	22.1718515
6	12009218	22.1718516
6	12241310	23.0623879
6	12603599	23.9529911
6	12733534	24.1894512
6	12967297	24.6636307
6	13009837	24.6636308
6	13133848	24.6636345
6	13171606	24.8410823
6	13297627	25.374505
6	13304445	25.3745051
6	14010981	29.2173333
6	14254292	31.792708
6	14388119	32.463303
6	14411149	32.7659013
6	14412891	32.7659014
6	14519667	33.8370123
6	14585702	34.3688965
6	14681607	35.2433676
6	14785568	36.1178773
6	14874512	36.5052086
6	15086016	37.9182241
6	15171259	39.6045924
6	15237087	41.6960527
6	15270971	41.8734008
6	15292785	42.4067813
6	15295473	42.4067814
6	15420200	43.8356208
6	15666858	47.5299253
6	15801739	48.8358348
6	16172161	52.689041
6	16490868	54.8120548
6	16538684	55.1939395
6	16724718	55.1939396
7	425151	0
7	1100590	2.9666883
7	1191114	3.5912042
7	1312879	4.4816904
7	1449333	5.015013
7	1526446	5.5814226
7	2681223	10.8510355
7	2689863	10.8510356
7	2724507	10.8510357
7	2822541	11.1445201
7	2979646	11.748442
7	3054493	12.1250331
7	4200604	22.9742444
7	4315400	23.5673125
7	4400747	24.5709185
7	4970139	26.2424328
7	5132335	27.0723655
7	5242300	27.6315551
7	6717363	30.8468078
7	6786381	31.0336237
7	6790304	31.0336238
7	6951931	31.0336239
7	6979666	31.033624
7	7793574	33.7326813
7	7907507	33.9100056
7	8482600	34.2652511
7	8687337	34.7393989
7	8833524	34.9758814
7	9020343	34.9758815
7	9127448	35.1533407
7	9261517	35.1533408
7	9265484	35.1533409
7	9515591	35.3308002
7	9549817	35.3308003
7	9744915	35.3308004
7	10034956	35.3308005
7	10675937	35.6857152
7	11386868	35.6857153
7	11412444	35.6857154
7	11975971	35.6857155
7	12153130	35.6857156
7	12647618	36.0409488
7	12791087	36.0409489
7	12806299	36.040949
7	12830056	36.0409491
7	13077680	36.0409492
7	13161274	36.0409493
7	13171614	36.0409494
7	13283828	36.0409495
7	13526526	36.2184099
7	13533361	36.21841
7	13560983	36.2184101
7	13676032	36.2184102
7	13721150	36.2184103
7	14106168	36.5736481
7	14428187	36.5736482
7	15030275	36.5736483
7	15829821	36.5736484
7	15966248	36.5736485
7	16171544	36.8289783
7	16360004	36.8289784
7	16762504	37.1560909
7	16810385	37.3653217
7	17521318	37.9951676
7	17534417	37.9951677
7	17631529	37.9951678
7	17692696	37.9951679
7	17778146	37.995168
7	17808271	37.9951681
7	17939909	38.4382575
7	18979311	39.7783687
7	19048568	39.7783688
7	19585037	40.3117347
7	19688901	40.3117348
7	19718975	40.3117349
7	19859123	40.311735
7	19933165	40.6669864
7	20102808	40.6669865
7	20318471	40.8444512
7	20325655	40.8444513
7	21521036	42.3984266
7	21751570	42.3984267
7	22065550	43.0898395
7	22707622	44.777382
7	23004920	45.6330703
7	23011616	45.6330704
7	23182246	46.1986621
7	23226790	46.5538395
7	23438898	47.9826634
7	23841915	47.9826635
7	24227114	51.4117325
7	24427972	52.4808654
7	24586757	52.6728605
7	25024356	54.7658716
7	25190501	56.2359079
7	25513364	59.8469886
7	25566325	60.3208732
7	25597997	60.5573414
7	25606763	60.5573415
7	25821498	62.2981225
7	25874173	62.9273145
7	26095403	64.5651414
7	26384089	66.6355508
7	26399533	66.6355509
7	26428014	66.8281511
7	26534646	68.8455171
7	27044475	72.7499474
7	27051683	72.9384768
8	1094730	0
8	1191744	0.0000001
8	1547346	1.6450182
8	1697501	2.1854309
8	2438251	5.3465479
8	3279438	10.4872793
8	3339670	11.0369836
8	3346559	11.0369837
8	3360590	11.214415
8	3716823	12.0695723
8	3812237	12.2822082
8	3940602	12.459668
8	3972175	12.6371165
8	4021860	13.051634
8	4072681	13.2585299
8	4250749	13.8813123
8	4265000	13.8813124
8	4349580	14.2365734
8	4370307	14.2365735
8	4672670	14.4140383
8	4689088	14.4140384
8	4728002	14.4140385
8	4976511	15.7244885
8	6437224	18.2230885
8	7518580	19.068742
8	7856752	19.6345823
8	9762849	22.117299
8	10224305	22.1172991
8	10297536	22.1172992
8	11554739	23.1075454
8	12280091	23.8986201
8	12335288	23.8986202
8	12532227	23.8986203
8	12551673	23.8986204
8	12554906	23.8986205
8	12596803	23.8986206
8	12722791	24.156558
8	12811458	24.4679795
8	12836874	24.4679796
8	12869035	24.4679797
8	13135074	25.6539371
8	13364245	25.857112
8	13586623	26.3904438
8	14091256	27.4601429
8	14145406	27.6933608
8	14149245	27.6933609
8	14166631	28.2013682
8	14757905	29.4296407
8	15029927	30.6263345
8	15072896	30.8456607
8	15093665	30.8456608
8	15261306	32.2747718
8	15321058	32.2747719
8	15338487	32.4642343
8	16066742	36.2956576
8	16224523	37.660388
8	16247484	37.9035217
8	16515184	39.8354536
8	16563085	40.0128073
8	16681552	40.7778205
8	17256708	47.3504249
8	17286561	47.5317409
8	17389682	48.0778577
8	17408602	48.0778578
8	17444137	48.0778579
8	17550104	48.7896249
8	17555518	48.789625
8	17595927	49.1931054
8	17716252	50.9370427
8	17921865	52.3187782
8	18000939	52.8731134
8	18120997	53.4724172
8	18142786	54.8205721
8	18228946	55.3357066
8	18257821	55.5683313
8	18268378	55.5683314
8	18364603	56.4127931
8	18882338	57.8363018
8	19083871	58.421282
8	19362031	58.4212821
9	166583	0
9	247017	0.0000001
9	268182	0.0000002
9	621952	1.5309945
9	819101	1.9641272
9	856713	2.3193704
9	1204167	3.3894918
9	1254658	3.7447164
9	1486919	4.635547
9	1560857	5.4849969
9	1677322	6.8368362
9	1702357	7.2083629
9	1887334	9.4647642
9	1955021	10.1765335
9	2053770	11.4096445
9	2083883	11.7132146
9	2195513	12.0957118
9	2222747	12.2866993
9	2343163	12.6692093
9	2800793	12.8466706
9	2855254	12.8466707
9	2992264	12.8466708
9	3744470	13.2019629
9	5113226	13.3794267
9	5330824	13.3794268
9	5337041	13.3794269
9	5372611	13.7347235
9	5514942	13.9121594
9	5606897	14.6660572
9	5744996	14.6660573
9	5881002	14.8768168
9	6028150	16.368378
9	6311427	17.1227947
9	7048249	17.1227948
9	7117324	17.1227949
9	7584064	17.3002743
9	7722698	17.3002744
9	7769974	17.4777539
9	7834840	17.6552322
9	8064568	17.6552323
9	8175686	17.6552324
9	8200808	17.8326748
9	9238004	18.7236835
9	9304005	18.7236836
9	9538508	18.9011309
9	9659641	19.7056221
9	10254239	20.4583429
9	10492913	21.3236951
9	10508204	21.3236952
9	10651422	21.6087623
9	10956660	21.8938266
9	11151146	22.4054641
9	12390505	22.6384395
9	12634776	22.6384396
9	12670351	22.6384397
9	13052116	22.9937771
9	13240233	22.9937772
9	13419738	23.1712534
9	13561984	23.5265999
9	13834675	23.8819508
9	13968048	23.8819509
9	13978359	24.2372452
9	14298974	25.5353986
9	14512943	25.7263898
9	14751929	29.0929316
9	14907510	30.3546857
9	16589703	30.7705028
9	16725587	32.7671864
9	16825299	33.6069262
9	17094543	33.9927646
9	17261886	35.3579338
9	17564569	35.7131702
9	17574912	35.7131703
9	17599885	35.7131704
9	18068413	46.5254328
9	18381630	48.7015944
9	18381939	48.9244212
9	18512790	51.657594
9	18692315	51.8647627
9	18800654	51.8647628
9	19075284	53.0353259
9	19238247	53.5685641
9	19244809	53.5685642
9	19249985	53.5685643
9	19264765	53.5685644
9	19267062	53.5685645
10	272920	0
10	1530340	0.1773696
10	1709708	0.651652
10	1905097	0.8881629
10	1922010	0.888163
10	1983948	1.7732251
10	2341568	2.609097
10	2345242	2.8472791
10	2381542	2.8472792
10	2530679	3.202603
10	2565162	3.2026031
10	2647384	3.73614
10	2648428	3.7361401
10	2667250	3.9531432
10	3077683	4.7073333
10	3115430	4.9893132
10	3196904	5.1775602
10	4853146	10.6518696
10	4858736	10.6518697
10	4933242	10.917066
10	4978844	11.241728
10	5681492	12.0828131
10	5839021	12.3192784
10	6069341	12.7934309
10	6226166	12.793431
10	6362687	12.7934311
10	6407379	12.97089
10	6435066	12.9708938
10	6439737	12.9708939
10	6444407	12.970894
10	6472575	12.9708941
10	6562987	12.9708942
10	6687070	12.9708943
10	7439988	13.8614531
10	8133095	14.3947
10	8404130	14.3947001
10	9116319	16.3654611
10	9252991	16.3654612
10	9287625	16.3654613
10	9294364	16.3654614
10	9642285	17.2561692
10	9852932	17.7004395
10	10031168	18.1447392
10	10195434	18.322194
10	10254749	18.3221941
10	10405463	18.6774581
10	10806612	19.23319
10	10814121	19.2331901
10	11652091	22.8145516
10	11662192	23.0084655
10	11668382	23.3637568
10	11692484	23.7190119
10	11758717	24.6330015
10	11841756	25.3392438
10	11931426	26.0074421
10	12525650	31.6320511
10	12557275	32.2384351
10	12983444	35.9999547
10	13055132	36.771214
10	13096360	37.4831223
10	13103183	37.4831224
10	13146065	37.838401
10	13162614	37.8384011
10	13221082	38.4610562
10	13319355	39.0837926
10	13332896	39.2612266
10	13412656	39.8973555
10	13460285	40.3685052
10	13659010	42.7590461
10	13907615	46.4519642
10	13932032	47.155847
10	13971154	47.9764998
10	14100365	48.9655236
10	14163259	49.2291365
10	14222018	49.7970402
10	14263633	50.5252587
10	14663348	53.0855628
10	14705026	53.0855629
10	14726770	53.085563
10	14739590	53.2630323
10	14808399	53.2630324
10	14839240	53.2630325
10	14892048	53.4405019
10	14903255	53.440502
10	15051960	53.6179713
10	15066126	53.6179714
10	15164867	53.7954396
10	15189086	53.7954397
10	15199226	53.7954398
10	15295100	53.7954399
10	15321346	53.79544
11	730024	0
11	1023695	0.0000001
11	1049266	0.0000002
11	1571149	0.0000003
11	1935773	0.0000004
11	2299155	1.2491054
11	2307144	1.2491055
11	2341526	1.4265163
11	2881248	2.6082297
11	2976942	3.3210276
11	3138421	3.9201774
11	3295758	3.9201775
11	3473014	5.2957658
11	3609775	5.8821332
11	3888048	6.237373
11	3931470	6.2373731
11	4036086	6.2373732
11	4134734	6.6118567
11	4239236	6.7988795
11	4397994	6.9857847
11	5644755	9.6448421
11	6100749	9.6448422
11	6239999	9.6448423
11	6713508	10.1781944
11	6772628	10.1781945
11	6917728	10.1781946
11	7113178	10.6523341
11	7147436	10.8888168
11	7285737	10.8888169
11	7385764	11.1543001
11	7988692	11.9561673
11	8041558	11.9561674
11	8308915	12.1336186
11	8537310	12.4888519
11	8556321	12.488852
11	9611496	13.4730171
11	9836343	13.7826528
11	10107335	14.6252152
11	10124123	14.6252153
11	10140558	14.6252154
11	10763738	16.053916
11	11036531	16.5871526
11	11468450	17.2988343
11	11485932	17.2988344
11	11508093	17.4762914
11	11587172	17.6537527
11	11635078	17.6537528
11	11653699	17.6537529
11	11862682	18.1509591
11	12019103	18.8988924
11	12060159	19.0762901
11	12105226	19.0762939
11	12747473	19.6096115
11	12752496	19.6096116
11	12893386	20.5000363
11	12915002	20.5000364
11	12956224	20.5000365
11	12961943	20.5000366
11	13027099	20.8813326
11	13052637	21.0741382
11	13200910	23.0738223
11	13542840	24.293361
11	13620229	24.2933611
11	14075733	27.6945992
11	14269495	29.9507923
11	14402011	31.9265078
11	14754400	35.5303711
11	14762231	35.7466309
11	15063043	37.8767211
11	15957856	48.5463319
11	16179760	48.546332
11	16325756	48.7267987
11	16336233	48.7267988
12	314430	0
12	363317	0.0000001
12	458272	0.7116131
12	552535	1.5125222
12	628267	2.3134045
12	901981	4.9449201
12	1360160	17.8755456
12	1450435	18.0529768
12	1483771	18.0529769
12	1516649	18.052977
12	1806760	18.5862192
12	1988542	19.1193671
12	3288871	22.1812168
12	4135422	22.1812169
12	4367221	22.8928797
12	4422793	23.0702976
12	4555267	23.4255173
12	4840910	23.4255174
12	5706811	23.6029587
12	5827202	24.0471852
12	6139484	24.4914049
12	6213793	25.0247167
12	6270936	25.0247168
12	6277812	25.2693611
12	6399962	26.3099336
12	6442815	26.9831086
12	6536695	26.9831087
12	6606591	26.9831088
12	6647623	28.0020571
12	6709915	28.4077486
12	6715763	28.4077487
12	6733113	28.4077488
12	7248954	29.1195768
12	7417596	29.2969908
12	7540419	29.9066157
12	8183566	30.720631
12	8404375	31.2539624
12	8556056	31.7237222
12	8584077	31.9849791
12	10874874	31.9849792
12	10883799	36.1308029
12	11027624	36.3153621
12	11455843	36.8486845
12	11598732	37.9183324
12	12166583	39.1676759
12	12317052	39.3609075
12	12645770	39.5750999
12	13024765	41.3118032
12	13147457	41.3118033
12	13330045	41.3118034
12	13921048	41.3118035
12	14229574	41.4892695
12	14236933	41.6667366
12	14257510	41.6667367
12	14599549	41.844205
12	14913393	42.0216744
12	14966604	42.0216745
12	15009532	42.0216746
12	15113205	42.0216747
12	15138268	42.4346979
12	15426870	43.2904237
12	15436925	48.7942807
12	15535145	50.0234518
12	15685420	50.2008814
12	15691391	50.3783397
12	16229805	51.0432961
12	16333189	51.2828012
12	18047831	53.7863995
12	18106261	53.7863996
13	424981	0
13	524297	0.0000001
13	872791	0.1774726
13	896877	0.1774727
13	1003457	0.1774728
13	1004929	0.1774729
13	1040802	0.177473
13	1130728	0.1774731
13	1447764	0.1774732
13	1713702	0.7109188
13	1834379	1.2443702
13	2159509	1.6300682
13	3047242	4.2400228
13	4988787	9.5288973
13	5150686	9.7157858
13	5159906	9.7157859
13	5594991	10.0122127
13	5877739	12.4652743
13	5879075	12.4652744
13	5910668	12.4652745
13	6159286	13.4148415
13	6509401	15.3258542
13	6511670	15.3258543
13	6511858	15.3258544
13	6744949	15.6811013
13	6757608	15.6811014
13	6797091	15.8585573
13	7081461	16.2138121
13	7340271	16.7717475
13	7357456	16.7717476
13	10133318	20.1697865
13	10324827	20.3560646
13	10333387	20.3560647
13	10400330	20.3560648
13	10598454	20.3560649
13	10886695	20.7578012
13	11385258	21.1595135
13	11859545	21.8915735
13	12037706	21.8915736
13	12350802	22.3115289
13	12427150	22.844846
13	12473476	22.8448461
13	14187972	24.2736509
13	14218142	24.273651
13	14279430	24.2736511
13	14566394	24.8473795
13	15259813	26.776922
13	15312893	26.7769221
13	15378570	26.7769222
13	15571272	27.1321421
13	15794516	27.8439088
13	16112933	29.2334807
13	16278770	29.6277063
13	16285147	29.6277064
13	16299065	29.6277065
13	16655026	30.6420862
13	16871488	31.0960641
13	16932624	31.4892813
13	17013719	32.4763038
13	17124757	33.4862621
13	17287015	36.5449186
13	17478984	38.0590185
13	17641463	38.9288637
13	17681320	39.1951452
13	17690411	39.1951453
13	17693501	39.4614388
13	17696174	39.4614389
13	17771355	39.6388839
13	17901112	40.2156806
13	18178289	41.9828351
13	18430512	44.9246366
13	18503873	54.4008084
13	18599362	54.4008085
13	18688122	54.7560018
13	18926665	54.7560019
13	19060787	56.5443479
13	19085912	58.8760402
13	19088462	58.8760403
13	19182382	58.8760404
13	19677324	63.2313949
13	19683498	63.231395
13	19691515	63.2313951
13	19791053	63.2313952
13	19793352	63.2313953
13	19840081	63.4088532
13	19882876	63.4088533
14	690633	0
14	894868	0.955731
14	1046927	2.4964825
14	1076431	2.4964826
14	1195049	3.5909601
14	1514160	6.6707351
14	1554829	8.2063342
14	1790313	10.3950731
14	1825648	10.3950732
14	1931915	11.4668149
14	1962086	12.5182746
14	2032619	13.7848387
14	2033100	13.7848388
14	2181048	14.5381834
14	2375841	16.9806586
14	2456419	17.3578151
14	2460565	17.5461286
14	2574766	19.2765766
14	2636605	20.1543571
14	2696056	20.7605539
14	2715703	20.760554
14	2955884	22.9146222
14	2967906	22.9146223
14	2985380	23.128811
14	3189866	23.9457348
14	3292800	24.1598513
14	3447685	25.7703968
14	3642991	26.8406255
14	3852648	27.9108447
14	4005398	27.9108448
14	4089258	28.3371889
14	4160647	28.9778664
14	4169338	28.9778665
14	4232227	28.9778666
14	4259895	29.4751528
14	4432569	30.2233561
14	4614929	30.7567899
14	5190308	31.4996918
14	5474145	31.7050617
14	5909051	33.3446988
14	6849438	34.4497116
14	7142093	35.0388829
14	7392271	36.1091319
14	8766527	37.03148
14	8859737	37.3041215
14	8945810	37.5767977
14	9141719	37.8067858
14	9287166	38.1350746
14	9483957	38.4633538
14	9495617	38.4633539
14	9735748	38.463354
14	10022194	39.6088112
14	10066890	39.7983879
14	10406863	40.5599712
14	10493800	40.5599713
14	10784421	41.272104
14	10830981	41.4495621
14	10950686	41.4495622
14	10967118	41.804886
14	11037320	41.9823588
14	11099650	42.1598405
14	11108353	42.1598406
14	11345666	43.0509269
14	11436263	43.4505934
14	11656441	43.8502627
14	12562063	44.6521103
14	12618267	44.6521104
14	13235326	44.8295918
14	13272238	44.8295919
14	13277692	44.829592
14	13299468	44.8295921
14	13883110	44.8295957
14	14018215	45.0070446
14	14214121	45.7191756
14	14345924	45.8966124
14	14360387	46.4301571
14	14487258	46.4301572
14	14500149	46.4301573
14	14512749	46.4301574
15	172959	0
15	197527	0.0000001
15	321920	0.0000002
15	370701	9.033375
15	435040	9.0333751
15	807428	9.2617046
15	1194238	10.4519983
15	1261503	11.0260777
15	1997577	17.5276252
15	2066065	17.7238387
15	2216030	20.1053286
15	2377305	21.5112831
15	2385169	21.5112832
15	2413785	22.0447373
15	2471773	22.3999936
15	2507045	23.2013212
15	2566368	24.0025846
15	2731642	25.5533401
15	2883250	26.2269892
15	3034216	26.9916235
15	3269921	28.1415907
15	3345264	28.8360974
15	4138554	32.6452863
15	4167330	33.0157055
15	4191026	33.4099675
15	4615624	34.7998558
15	4642352	34.7998559
15	5400351	36.5900578
15	5777317	38.0191415
15	5858890	38.0191416
15	6213472	38.5524796
15	6639481	39.9018318
15	8737531	43.3372888
15	9046374	44.3049609
15	9174099	44.304961
15	9515070	44.6601899
15	9831731	45.0154233
15	9839017	45.0154234
15	10310105	46.0850974
15	10408785	46.2625049
15	10765712	46.6177472
15	10803170	46.6177473
15	10861637	46.6177474
15	10923140	46.6177475
15	10931684	46.6177476
15	10990096	46.6177477
15	11044233	46.6177514
15	11164365	46.7952058
15	11238624	46.9726629
15	11491014	47.1501199
15	11492839	47.15012
15	11588348	47.7434357
15	11673180	48.0387823
15	11777081	48.2162234
15	11832899	48.5714477
15	11923193	48.9266496
15	11967636	48.9266497
15	12156666	49.459951
15	12187214	49.4599511
15	12524163	49.8151588
15	13111994	49.8151589
15	13137045	49.815159
15	13153669	49.8151591
15	13676980	50.170361
15	14464891	50.8820698
15	15587730	50.8820699
16	657957	0
16	736955	0.0000001
16	2585761	3.5629928
16	2898523	5.2771982
16	3058433	5.8272612
16	3328921	7.1879109
16	4084489	9.3382422
16	4197958	9.515569
16	5144896	10.518537
16	5275810	11.1184718
16	5471163	11.1184719
16	5524382	11.4737143
16	5534987	11.4737144
16	6047924	11.6511725
16	6246695	12.006424
16	6372463	12.3616755
16	6418085	12.5390798
16	7674627	14.8506896
16	8157008	15.7627925
16	8795563	15.7627926
16	9048409	16.5537898
16	9482188	17.5437871
16	9558468	17.5437872
16	9562093	17.5437873
16	9820236	17.8990025
16	10052533	17.8990026
16	10082296	17.8990027
16	10121427	17.8990028
16	10206983	17.8990029
16	10250393	18.2542048
16	10375459	18.9659366
16	10496182	19.2322111
16	10611556	19.2322112
16	10646414	19.4985099
16	10803827	19.675959
16	10834839	19.6759591
16	10937546	19.6759592
16	10980153	19.6759593
16	10993699	19.6759594
16	11409755	21.2404601
16	11534876	21.4613081
16	11705095	21.4613082
16	11963875	21.8165298
16	12233028	22.1717496
16	12239415	22.1717497
16	12765260	22.3492056
16	12923883	22.5266512
16	13024461	22.9089771
16	13144018	23.7521363
16	13155107	23.7521364
16	13590766	25.0209029
16	13628334	25.020903
16	13857422	25.3761114
16	13883425	25.3761115
16	14031175	25.3761116
16	14177977	26.3084989
16	14299970	26.7043512
16	14874605	29.3043097
16	14946113	29.4934305
16	14998142	29.4934306
16	15668315	33.112617
16	16027971	36.5131172
16	16051738	36.7364796
16	16094081	37.4118548
16	16143392	37.6471295
16	16244071	40.1117932
16	16259422	40.4668396
16	16289361	41.2290507
16	16672260	41.4242737
16	16757257	43.1364595
16	16902827	44.4762179
16	16958532	47.9816283
16	17209573	48.3720375
16	17262487	48.7654186
16	17465414	51.7686776
16	17535792	51.7686777
16	17690174	51.9460563
16	17698891	53.5542579
16	17786436	53.554258
16	17801606	53.7316458
17	77432	0
17	259870	0.0000001
17	268689	0.0000002
17	386764	0.0000003
17	488454	0.1982227
17	629241	0.1982228
17	1063427	2.6480906
17	1293411	4.487932
17	1311733	4.4879321
17	1355312	4.8432767
17	1373207	5.3176371
17	1378274	5.3176372
17	1407279	5.5541508
17	1433669	5.7316351
17	1433696	5.7316352
17	1444497	5.7316353
17	1486126	5.7316354
17	1494262	5.9091135
17	1670571	6.2718995
17	1671074	6.2718996
17	1756849	6.4530566
17	1791933	7.2038193
17	1879406	7.9020965
17	1910201	8.1537663
17	2292374	14.3081746
17	2697224	19.210276
17	3074150	23.4432779
17	3475326	24.4502778
17	3584416	25.2545488
17	3844362	27.6974906
17	4150999	29.4707957
17	4269590	30.0965316
17	4430135	30.0965317
17	4449867	30.0965318
17	4483173	30.0965319
17	4488703	30.096532
17	4590534	30.0965321
17	4686936	30.2739959
17	4849938	30.629288
17	4859750	30.6292881
17	4962456	30.9845488
17	5351891	31.6964875
17	5463559	32.2299041
17	5832675	32.9418862
17	6030295	33.1634507
17	7926752	34.6863582
17	8287823	34.8989526
17	8682947	35.9688981
17	9214628	36.6273386
17	9278388	36.9094221
17	9590293	37.5983003
17	10329937	41.0821044
17	10399777	41.9323794
17	10992299	45.2921905
17	11001067	45.5468899
17	11033395	46.396524
17	11043444	46.5739548
17	11044848	46.7765624
17	11054170	47.0192366
17	11135602	47.9980025
17	11153355	48.1754033
17	11259410	48.8873714
17	11261415	48.8873715
17	11644279	51.5885564
17	11652732	51.5885565
17	11735949	52.6587123
17	11948309	53.6392985
17	12085191	54.6199603
17	12106391	55.1534518
17	12120001	55.3308921
17	12154617	55.8643947
17	12169044	56.2196873
17	12171652	56.2196874
17	12181674	56.2196875
17	12777596	63.3860091
17	12781771	63.6139458
17	13039989	63.8814047
17	13214417	64.2193282
17	13478853	66.0749129
17	13565488	66.6441828
17	13663035	67.0232967
17	13755153	67.2007582
17	13770682	67.2007583
17	13784132	67.3782298
17	13792568	67.3782299
17	13939195	68.0458068
17	14001801	68.2673926
17	14133095	68.2673927
17	14144226	68.2673928
18	1034568	0
18	1367538	0.3527463
18	1486757	0.7079412
18	1748629	1.4699644
18	1755757	1.4699645
18	2254483	3.3878699
18	2343146	3.7429604
18	2532911	4.2761783
18	2556467	4.2761784
18	2570683	4.2761785
18	2624780	4.8094156
18	2708901	4.9868469
18	2832392	5.1642981
18	2866487	5.1642982
18	3231753	6.9532321
18	3251024	7.1747253
18	3401005	7.8421191
18	4011659	8.1973232
18	4018016	8.1973233
18	4125283	8.1973234
18	4160343	8.3747848
18	4212579	8.3747849
18	4254807	8.374785
18	4517887	8.3747851
18	5048263	8.3747852
18	5363120	8.3747853
18	5394474	8.3747854
18	5489017	8.3747855
18	5744556	8.3747856
18	6061681	8.5521831
18	7434203	9.9038711
18	8132477	10.9187599
18	8508896	11.5072925
18	8732457	11.9375612
18	9235695	12.6491747
18	9357371	12.6491748
18	9485205	12.8266251
18	9496395	13.0040772
18	9513482	13.0040773
18	9819238	13.8589158
18	9848842	14.07154
18	9898489	14.0715401
18	10229370	15.2692833
18	10309563	15.7453992
18	10887402	17.6430651
18	10902120	17.8304495
18	11654126	20.8375244
18	11879542	21.7692199
18	11940102	21.966167
18	12115679	22.7571283
18	12267746	23.5481142
18	12269289	23.5481143
18	12532481	23.9360437
18	12700424	24.8142679
18	13194162	25.6462685
18	13286071	25.867474
18	13579867	27.8831661
18	13626483	28.0939101
18	13735912	29.0315548
18	13906465	31.4099654
18	13909638	32.0273207
18	14167776	35.2507219
18	14249796	35.9013306
18	14310611	36.6129906
18	14428852	38.002269
18	14444076	38.3964934
18	14484418	38.7517248
18	14498129	38.929117
18	14610015	40.2094876
18	15068068	45.9797338
18	15584779	48.9206926
18	15670982	48.9206927
18	15738343	49.2722031
19	13581	0
19	234999	1.3235929
19	497356	1.7923402
19	711213	7.7859847
19	814752	10.1230207
19	823786	10.4756461
19	1073471	11.5378961
19	1164051	11.8982077
19	1221631	12.2584213
19	1445874	15.3808749
19	1758079	22.6049163
19	2221660	27.6887267
19	3178508	31.5119538
19	3529642	31.5119539
19	3850229	31.511954
19	4833520	32.0674887
19	4860705	33.4389086
19	4914120	35.1764581
19	5123438	38.6460604
19	5472083	39.3526334
19	5982220	39.7053511
19	5997387	39.7053512
19	6185276	41.0358072
19	6212604	41.4757768
19	6319507	41.8284957
19	6427258	41.8284958
19	6641673	43.1588166
19	6704816	43.5987952
19	7539498	43.9514824
19	7560407	45.0135687
19	7685153	45.3662602
19	7700031	45.3662603
19	7978070	46.78491
19	8224132	47.1375637
19	8261473	47.1375656
19	8272107	47.1375657
19	8302930	47.1375658
19	8309444	47.1375659
19	8467822	47.137566
19	8736408	47.1375661
19	9024058	47.1375662
19	9295556	47.1375663
19	9355020	47.1375664
19	9398569	47.1375665
19	9494383	47.4902762
19	9506529	47.8429948
19	9567575	47.8429949
19	9574956	47.842995
19	9611985	47.8429951
19	9691649	47.8429952
19	10046086	48.3128014
19	11211020	49.2570103
19	11929922	49.2570104
19	11937989	49.6097555
19	12414947	49.6097556
19	12664331	53.2002099
19	13517595	53.20021
19	14656175	54.2620572
19	14754626	55.4765999
19	14935679	56.6911406
19	15087025	57.093694
19	15314200	58.1556138
19	15950477	58.5081866
19	16370690	61.0055095
19	16903837	64.965807
19	18083449	66.0281165
19	18556651	66.3808612
19	19220977	66.3808613
19	19492578	66.7286582
20	1287239	0
20	1403117	1.3158537
20	2125217	1.6546922
20	2284708	1.9198141
20	2296058	2.452013
20	2342007	2.6725416
20	2379659	2.6725417
20	2458901	3.2175736
20	3091797	3.2175737
20	3348641	3.2175738
20	3431312	4.1278764
20	3632387	7.9669737
20	3689909	9.8323055
20	3906425	10.767847
20	3990643	11.5083619
20	3995303	15.2702302
20	4242633	15.6408224
20	4472547	16.3527719
20	5062502	17.3830811
20	5084166	18.9897904
20	5570331	19.2094226
20	6190282	19.3868876
20	6554044	19.5643558
20	6561596	19.5643559
20	6755248	20.1585828
20	6904030	21.3003157
20	6918301	21.3003158
20	7028583	21.701616
20	7797089	22.0568563
20	7871117	22.5901724
20	10320790	24.0191363
20	10517200	24.0191364
20	10535125	24.374347
20	11375456	24.5517996
20	11464550	24.7292623
20	11622967	24.7292624
20	11895628	24.7292625
20	11946427	24.9067173
20	12102091	25.2619777
20	12299509	25.2619778
20	12768810	25.4394327
20	12994891	25.7946931
20	13074807	25.7946932
20	13133160	26.1499491
20	13409201	26.1499492
20	13439535	26.1499493
20	13474231	26.1499494
20	13483084	26.8618052
20	13700829	26.8618053
20	13706470	26.8618054
20	13824405	26.8618055
20	13874810	28.1112568
20	13896295	28.1112569
20	14031834	28.111257
20	14302787	28.1112571
20	14354736	28.1112572
20	14400490	28.3775831
20	14448986	28.6438853
20	14535251	29.5346649
20	14590885	29.534665
20	14684345	29.5346651
20	15244683	31.1029658
20	15343246	31.575062
20	15409896	31.9984558
20	15483787	32.2097738
20	15503251	32.2097739
20	15590412	33.3578053
20	15650515	33.813825
20	15721376	33.8138251
20	15748478	34.0085656
20	15767156	35.7815585
20	15834606	36.8515306
20	16048891	37.0733306
20	16210884	39.4610226
20	16343243	41.5163494
20	16396937	42.4070087
20	16801758	42.4070088
20	16827521	42.5844738
20	16849469	42.7826284
20	16994269	43.3709056
20	17317266	43.9592041
20	17366807	44.2799466
20	17370409	45.554878
20	17380622	51.2910592
20	17500402	51.4826387
20	17504306	51.4826388
20	17532606	51.4826389
20	17656574	51.482639
20	17661581	54.3206741
20	17815297	55.2550239
20	17875292	55.255024
20	18920855	56.3216827
21	1774067	0
21	2142656	1E-07
21	2306628	2E-07
21	2335277	3E-07
21	2364022	4E-07
21	2806400	0.4680124
21	2806469	0.4680125
21	3764501	0.7395441
21	4290155	1.4875711
21	4715951	1.7354663
21	5126726	2.1332057
21	5261002	2.6665858
21	5572876	2.6665859
21	5615092	2.666586
21	5664761	2.6665861
21	6004031	3.617626
21	6012768	3.6176261
21	6445371	4.0907868
21	6597307	4.0907869
21	6780583	4.2682495
21	6870973	4.2682496
21	6905996	4.2682497
21	7659406	6.9204481
21	7774755	7.3215347
21	7996835	7.6768113
21	8011752	7.6768114
21	8421410	8.9934212
21	8732210	11.1920803
21	9653769	15.2275699
21	9659705	17.0533691
21	9691439	17.3433759
21	9798804	17.9080343
21	9876135	18.4307672
21	10063486	19.0504658
21	10112147	19.5371595
21	10170112	19.5371596
21	10177662	19.5371597
21	10314805	21.0563305
21	10397524	22.5688252
21	10530723	24.1835687
21	10627212	25.3324751
21	10669784	25.5601592
21	10867764	27.9423363
21	10879336	27.9423364
21	10889160	27.9423365
21	10951338	27.9423366
21	10957081	27.9423367
21	11016181	28.6086506
21	11139332	29.7234103
21	11253349	32.0545331
21	11391822	34.2045584
21	11623042	35.8881747
