lg	pos1	pos2	rate	curated_cM
1	241608	612297	2.69768E-07	0
1	612298	715796	9.66202E-07	0.0000001
1	715797	956633	2.955769902	0.0000002
1	956634	983329	3.74602E-06	0.711856
1	983330	1190612	4.602825619	0.7118561
1	1190613	1236416	2.18326E-06	1.665939
1	1236417	1330207	5.296098731	1.6659391
1	1330208	1391914	20.1761255	2.1626602
1	1391915	1463999	2.965971644	3.4076482
1	1464000	1911435	19.68592309	3.6214473
1	1911436	1913461	247.1828148	12.4296183
1	1913462	2092037	8.803753045	12.9301635
1	2092038	2169782	21.68214396	14.5022937
1	2169783	2354811	12.18867901	16.1879503
1	2354812	2363638	1.13302E-05	18.4431972
1	2363639	2544240	14.93545772	18.4431973
1	2544241	2551671	47.79449529	21.1405559
1	2551672	2575286	15.04335564	21.495669
1	2575287	2589720	6.92857E-06	21.8509028
1	2589721	2659116	21.47679516	21.8509029
1	2659117	2884564	12.49738431	23.3412851
1	2884565	3037318	6.54652E-07	26.1587829
1	3037319	3100966	5.581268559	26.158783
1	3100967	3152275	1.94901E-06	26.514014
1	3152276	4319657	7.087311169	26.5140141
1	4319658	4335071	27.62717836	34.7876065
1	4335072	6301895	3.282863074	35.2134242
1	6301896	6550218	1.501193612	41.6702348
1	6550219	6596683	7.827242596	42.0430142
1	6596684	7132318	0.339112902	42.4066992
1	7132319	7435266	0.585823923	42.5883396
1	7435267	7469157	2.95072E-06	42.7658132
1	7469158	7604029	1.31580399	42.7658133
1	7604030	7937618	1.065068588	42.9432771
1	7937619	8131875	5.14785E-07	43.2985712
1	8131876	9359658	1.311428413	43.2985713
1	9359659	9598490	4.18706E-07	44.9087195
1	9598491	9945958	1.535331701	44.9087196
1	9945959	10262756	1.121499888	45.4421967
1	10262757	10392171	7.72714E-07	45.7974845
1	10392172	10646860	3.92637E-07	45.7974846
1	10646861	10816846	5.88287E-07	45.7974847
1	10816847	11094414	3.60273E-07	45.7974848
1	11094415	11360198	3.76247E-07	45.7974849
1	11360199	11964984	1.65348E-07	45.797485
1	11964985	12220178	3.9186E-07	45.7974851
1	12220179	12222165	5.03525E-05	45.7974852
1	12222166	12389942	5.96033E-07	45.7974853
1	12389943	12865664	2.10207E-07	45.7974854
1	12865665	12991414	7.95235E-07	45.7974855
1	12991415	13370422	0.937464743	45.7974856
1	13370423	13376377	1.67954E-05	46.1527913
1	13376378	13833890	0.387923158	46.1527914
1	13833891	13883326	3.590156772	46.3302709
1	13883327	13949713	1.50634E-06	46.5077503
1	13949714	13971232	4.64727E-06	46.5077504
1	13971233	13973588	4.24628E-05	46.5077505
1	13973589	14210809	0.748178063	46.5077506
1	14210810	14598900	2.57672E-07	46.6852334
1	14598901	14892476	1.210257004	46.6852335
1	14892477	15022177	7.7101E-07	47.0405347
1	15022178	15031339	1.09158E-05	47.0405348
1	15031340	15126712	1.04853E-06	47.0405349
1	15126713	15464651	1.06528E-05	47.040535
1	15464652	15819234	0.500518357	47.0405386
1	15819235	16076901	0.688796349	47.2180134
1	16076902	16177433	9.94718E-07	47.3954928
1	16177434	16237381	1.66814E-06	47.3954929
1	16237382	16355822	8.44309E-07	47.395493
1	16355823	16370823	6.66667E-06	47.3954931
1	16370824	16388854	5.54631E-06	47.3954932
1	16388855	16469278	1.24343E-06	47.3954933
1	16469279	16987459	2.065572774	47.3954934
1	16987460	18081755	9.1383E-08	48.4658319
1	18081756	18455324	0.951097792	48.465832
1	18455325	19749588	7.72641E-08	48.8211317
1	19749589	20003472	3.510047148	48.8211318
1	20003473	20018176	6.80133E-06	49.7122731
1	20018177	20035609	10.18163148	49.7122732
1	20035610	20094255	1.70518E-06	49.8897594
1	20094256	20406712	1.707391761	49.8897595
1	20406713	20727494	6.72074063	50.4232443
1	20727495	20739849	8.09454E-06	52.5791302
1	20739850	20798035	12.2404606	52.5791303
1	20798036	21023541	4.43449E-07	53.2913415
1	21023542	21255006	3.762612761	53.2913416
1	21255007	21424288	6.444025023	54.162251
1	21424289	21460022	2.79853E-06	55.253102
1	21460023	21595760	1.30673803	55.2531021
1	21595761	21629837	69.75075713	55.4304748
1	21629838	21680510	16.83216372	57.8073016
1	21680511	21757940	8.718575727	58.660221
1	21757941	21770506	31.15852766	59.3352916
1	21770507	21798543	3.56684E-06	59.7267985
1	21798544	21849909	3.455255524	59.7267986
1	21849910	21906005	3.163084054	59.9042778
1	21906006	21919653	78.42157983	60.081711
1	21919654	21954114	2.90192E-06	61.1519303
1	21954115	21974473	8.716961391	61.1519304
1	21974474	22033443	7.330678831	61.3293903
1	22033444	22053313	65.77309376	61.7616731
1	22053314	22462552	1.411347675	63.0685187
1	22462553	22534231	23.6159519	63.6460958
1	22534232	22707911	3.623236546	65.33884
1	22707912	22871468	5.082594341	65.9681201
1	22871469	22907480	11.50440699	66.7994089
1	22907481	22935133	6.417282656	67.2136941
1	22935134	23065326	7.68096E-07	67.3911448
1	23065327	23195600	7.67619E-07	67.3911449
1	23195601	23318768	8.11906E-07	67.391145
1	23318769	23357907	2.55506E-06	67.3911451
1	23357908	23376738	5.31067E-06	67.3911452
1	23376739	23499876	8.12104E-07	67.3911453
1	23499877	23825247	3.07342E-07	67.3911454
1	23825248	24135007	3.22832E-07	67.3911455
1	24135008	24575818	0.805824278	67.3911456
1	24575819	24593360	50.76475686	67.746361
1	24593361	24898851	5.856046679	68.6368256
1	24898852	24979102	7.594097196	70.4257893
1	24979103	24989685	76.90965791	71.0352156
1	24989686	25111557	1.455795883	71.8490736
1	25111558	25143763	5.507321844	72.0264929
1	25143764	25662394	3.634140331	72.2038562
1	25662395	26127155	3.539557406	74.0886304
1	26127156	26510321	1.511635979	75.7336751
1	26510322	26934622	2.35682E-07	76.3128811
1	26934623	27013225	1.27223E-06	76.3128812
1	27013226	27341738	20.70542903	76.3128813
1	27341739	27419212	1.29077E-06	83.1148632
1	27419213	27578149	6.29184E-07	83.1148633
1	27578150	27634508	1.77437E-06	83.1148634
1	27634509	27739369	8.492285905	83.1148635
1	27739370	27785796	11.48739499	84.0053646
1	27785797	27831002	2.21214E-06	84.5386784
1	27831003	27866149	2.84527E-06	84.5386785
1	27866150	27955698	1.11672E-06	84.5386786
1	27955699	28080163	8.03445E-07	84.5386787
1	28080164	28121371	2.42677E-06	84.5386788
1	28121372	28134694	7.50638E-06	84.5386789
1	28134695	28144936	9.76467E-06	84.538679
1	28144937	557036	3.064338932	84.5386791
2	557037	747568	5.24849E-07	0
2	747569	890972	6.97335E-07	0.0000001
2	890973	911309	4.91739E-06	0.0000002
2	911310	1171496	3.8434E-07	0.0000003
2	1171497	1210850	2.5411E-06	0.0000004
2	1210851	2366743	1.392494801	0.0000005
2	2366744	2509505	7.00471E-07	1.6095741
2	2509506	2550238	2.45507E-06	1.6095742
2	2550239	3126020	1.159366322	1.6095743
2	3126021	3210497	2.622875136	2.2771154
2	3210498	3353996	3.717188393	2.4986854
2	3353997	3366047	8.29876E-06	3.0320945
2	3366048	3515994	6.66907E-07	3.0320946
2	3515995	3675532	3.343302181	3.0320947
2	3675533	3704340	13.35107786	3.5654751
2	3704341	3762185	1.72879E-06	3.9500796
2	3762186	3999999	5.424865756	3.9500797
2	4000000	4295484	2.171107065	5.2401833
2	4295485	4347575	1.91975E-06	5.8817107
2	4347576	4351183	2.77239E-05	5.8817108
2	4351184	4515822	3.239564378	5.8817109
2	4515823	4523618	1.28287E-05	6.4150663
2	4523619	4689475	2.141791072	6.4150664
2	4689476	4707276	5.61798E-06	6.7702953
2	4707277	4725854	5.383E-06	6.7702954
2	4725855	4743029	5.82276E-06	6.7702955
2	4743030	5244023	2.493375756	6.7702956
2	5244024	5249615	1.78859E-05	8.0194594
2	5249616	5325820	1.31227E-06	8.0194595
2	5325821	5344759	5.28039E-06	8.0194596
2	5344760	5395533	6.996592677	8.0194597
2	5395534	5457710	8.578416109	8.3746977
2	5457711	5561505	9.63447E-07	8.9080693
2	5561506	5573665	8.22436E-06	8.9080694
2	5573666	5633641	1.66736E-06	8.9080695
2	5633642	5636170	156.0927611	8.9080696
2	5636171	5665752	3.38055E-06	9.3026721
2	5665753	5772379	4.315852606	9.3026722
2	5772380	6050140	3.328915251	9.7628543
2	6050141	6075090	7.111635737	10.6874938
2	6075091	6079145	43.74203256	10.864922
2	6079146	6833374	3.739668111	11.0422522
2	6833375	8314679	0.972845142	13.8628146
2	8314680	8355643	5.489051095	15.303894
2	8355644	8529364	5.126894428	15.528742
2	8529365	8595834	1.333374957	16.4193861
2	8595835	8602011	14.36394106	16.5080142
2	8602012	8680759	2.253565215	16.5967259
2	8680760	8753412	4.889770412	16.7741874
2	8753413	9355422	1.182393286	17.129439
2	9355423	9790002	3.658490401	17.8412504
2	9790003	10052989	0.37408113	19.4311535
2	10052990	10146052	1.055378135	19.5295316
2	10146053	10288971	1.241745616	19.6277472
2	10288972	10342368	1.8728E-06	19.805215
2	10342369	10413468	1.40649E-06	19.8052151
2	10413469	10604403	1.860597903	19.8052152
2	10604404	10641126	2.72316E-06	20.1604666
2	10641127	11143792	0.353030149	20.1604667
2	11143793	11321981	1.993713943	20.3379226
2	11321982	11380670	1.70393E-06	20.6931785
2	11380671	11407650	3.70659E-06	20.6931786
2	11407651	11647580	1.480614682	20.6931787
2	11647581	11698396	1.96792E-06	21.0484211
2	11698397	12493407	0.223219205	21.0484212
2	12493408	13048084	1.80285E-07	21.2258827
2	13048085	13282408	4.26761E-07	21.2258828
2	13282409	13330391	2.08411E-06	21.2258829
2	13330392	13352340	4.55622E-06	21.225883
2	13352341	13491923	1.271313636	21.2258831
2	13491924	13686614	1.824702861	21.4033356
2	13686615	13769344	1.20877E-06	21.758587
2	13769345	13803474	2.93006E-06	21.7585871
2	13803475	13867108	2.78884541	21.7585872
2	13867109	14064328	5.07051E-07	21.9360498
2	14064329	14179561	8.67815E-07	21.9360499
2	14179562	14740148	0.951433143	21.93605
2	14740149	15210841	0.376981975	22.4694101
2	15210842	15452288	4.14171E-07	22.6468525
2	15452289	15651697	0.889852463	22.6468526
2	15651698	16326331	0.790416123	22.8242963
2	16326332	17811659	2.056991827	23.3575371
2	17811660	17898052	2.168271368	26.4128426
2	17898053	17927278	6.072041061	26.6001639
2	17927279	18007863	4.40861089	26.7776193
2	18007864	18021345	28.71100809	27.1328828
2	18021346	18693725	8.598698502	27.5199359
2	18693726	18750055	10.55035594	33.3015202
2	18750056	18777731	6.411559169	33.8958112
2	18777732	18800289	18.36815179	34.0732511
2	18800290	18899438	8.386541332	34.4875815
2	18899439	18930997	3.16877E-06	35.3190903
2	18930998	19208760	7.672693889	35.3190904
2	19208761	19536784	12.9935096	37.4502732
2	19536785	19830388	9.686801225	41.7124432
2	19830389	20012558	13.39088209	44.5565171
2	20012559	20126064	11.55590062	46.9959207
2	20126065	20198342	10.77408027	48.3075732
2	20198343	20297048	18.71301353	49.0862914
2	20297049	20871565	11.66085871	50.9333594
2	20871566	20955833	2.154536177	57.6327093
2	20955834	21017515	6.231771534	57.8142656
2	21017516	21206814	9.22552906	58.1986475
2	21206815	21213733	27.73688927	59.9450217
2	21213734	21245471	24.08411948	60.1369055
2	21245472	21361229	15.76780411	60.9012632
2	21361230	21482192	5.176158628	62.7264969
2	21482193	21507498	3.95179E-06	63.3526154
2	21507499	21564553	1.75273E-06	63.3526155
2	21564554	21696832	4.609836859	63.3526156
2	21696833	21814244	6.936419075	63.9623956
2	21814245	21891615	6.895202275	64.7768075
2	21891616	21907916	6.13497E-06	65.3102893
2	21907917	21963566	1.79698E-06	65.3102894
2	21963567	21999410	14.88424518	65.3102895
2	21999411	22061011	8.66111039	65.8437855
2	22061012	22116616	3.191385512	66.3773099
2	22116617	22149461	10.81853002	66.5547637
2	22149462	22157164	45.64949364	66.9100875
2	22157165	689234	3.133123537	67.2616799
3	689235	947276	4.361709573	0
3	947277	1199650	5.547944907	1.1254999
3	1199651	1653087	3.965114371	2.5256514
3	1653088	1675885	19.94358468	4.323577
3	1675886	1878153	2.812540355	4.7782309
3	1878154	2035075	4.534284767	5.347115
3	2035076	2289377	3.500222178	6.0586395
3	2289378	3898234	0.645496987	6.9487495
3	3898235	5214419	1.108201741	7.9872612
3	5214420	5246201	5.58141657	9.4458586
3	5246202	5263776	5.69022E-06	9.6232416
3	5263777	5350549	4.093349237	9.6232417
3	5350550	5585736	4.25195E-07	9.9784298
3	5585737	5618992	5.336048714	9.9784299
3	5618993	5647851	3.46524E-06	10.1558802
3	5647852	5890765	4.1167E-07	10.1558803
3	5890766	5965128	2.386302144	10.1558804
3	5965129	5991256	3.82746E-06	10.3333306
3	5991257	6510712	1.3699306	10.3333307
3	6510713	6734209	4.47435E-07	11.044948
3	6734210	6810395	4.662654066	11.0449481
3	6810396	6994045	0.966069513	11.4001724
3	6994046	7498748	1.502869812	11.5775901
3	7498749	8346391	2.480835541	12.3360915
3	8346392	8515947	5.89779E-07	14.4389519
3	8515948	8718044	0.878022326	14.438952
3	8718045	8808332	3.934190969	14.6163968
3	8808333	9127832	1.669015552	14.9716031
3	9127833	9509750	1.396218812	15.5048519
3	9509751	9608042	1.01739E-06	16.0380916
3	9608043	9871895	1.346216061	16.0380917
3	9871896	10116955	1.449453805	16.3932935
3	10116956	10178069	1.63631E-06	16.7484952
3	10178070	10195258	5.81801E-06	16.7484953
3	10195259	10388335	1.839729951	16.7484954
3	10388336	10492593	2.268133555	17.1037031
3	10492594	10789068	1.59892908	17.3401719
3	10789069	10901716	6.317504239	17.8142128
3	10901717	10954414	6.740248971	18.5258607
3	10954415	11013306	3.2263E-05	18.8810516
3	11013307	11137603	8.04531E-07	18.8810535
3	11137604	11311265	1.10350165	18.8810536
3	11311266	12505928	1.801442751	19.0726888
3	12505929	12891581	4.684223601	21.224804
3	12891582	13014991	5.49447123	23.0312842
3	13014992	13197285	1.0179782	23.7093514
3	13197286	13964815	8.221311247	23.8949217
3	13964816	14416366	4.816241169	30.2050165
3	14416367	14460349	24.88594652	32.3797902
3	14460350	14525074	1.54502E-06	33.4743239
3	14525075	14693502	12.01650151	33.474324
3	14693503	14877318	17.64065609	35.4982273
3	14877319	15014393	8.584371216	38.7408445
3	15014394	15272236	3.035290604	39.9175386
3	15272237	15812847	2.171144263	40.700164
3	15812848	15869591	9.748432406	41.8739063
3	15869592	15892689	12.54879422	42.4270616
3	15892690	16335986	11.35337698	42.7169011
3	16335987	473120	3.01016252	47.7498077
4	473121	542602	1.43924E-06	0
4	542603	570691	3.56024E-06	0.0000001
4	570692	1090514	2.748501602	0.0000002
4	1090515	1372197	10.20168346	1.4287318
4	1372198	1416214	19.7334492	4.3023624
4	1416215	1646098	3.223079132	5.1709499
4	1646099	1668284	4.50755E-06	5.911881
4	1668285	1700231	3.13028E-06	5.9118811
4	1700232	1710911	9.36417E-06	5.9118812
4	1710912	1840360	1.596533743	5.9118813
4	1840361	1944599	9.978041597	6.1185494
4	1944600	2337599	7.858592261	7.1586405
4	2337600	2344099	63.03780582	10.2470594
4	2344100	3183660	10.68410644	10.6567421
4	3183661	3541898	7.724016224	19.6266905
4	3541899	3763384	15.73104228	22.3937189
4	3763385	3778295	15.11230718	25.8779088
4	3778296	3830896	1.90114E-06	26.1032333
4	3830897	3846427	6.43915E-06	26.1032334
4	3846428	4185606	9.527120273	26.1032335
4	4185607	4188424	73.11760738	29.3346231
4	4188425	4637635	9.287666125	29.5405954
4	4637636	4897631	5.291234062	33.7127079
4	4897632	4967367	1.434E-06	35.0884023
4	4967368	5235410	2.187744831	35.0884024
4	5235411	5255598	4.95368E-06	35.6748099
4	5255599	5432664	3.012416909	35.67481
4	5432665	5455186	4.4403E-06	36.2082036
4	5455187	5552424	1.82483314	36.2082037
4	5552425	5835064	2.518652415	36.385645
4	5835065	6024095	5.238836164	37.0975144
4	6024096	6309216	2.774720819	38.0878116
4	6309217	6394433	2.082179403	38.87894
4	6394434	6404572	9.86388E-06	39.056375
4	6404573	6467218	2.832902865	39.0563751
4	6467219	6474940	22.98335708	39.2338423
4	6474941	6528987	6.84602E-05	39.4112968
4	6528988	7234271	0.251637995	39.4113005
4	7234272	7343205	9.17995E-07	39.5887765
4	7343206	7366329	4.3247E-06	39.5887766
4	7366330	7733734	1.209276437	39.5887767
4	7733735	7965856	4.3081E-07	40.0330697
4	7965857	8262658	1.496961264	40.0330698
4	8262659	8895769	1.5795E-07	40.4773694
4	8895770	9102999	4.82558E-07	40.4773695
4	9103000	10235818	0.37632956	40.4773696
4	10235819	11192841	0.669440828	40.9036825
4	11192842	11693745	0.709256682	41.5443521
4	11693746	11850833	1.129730659	41.8996209
4	11850834	11984796	7.4648E-07	42.0770869
4	11984797	12377327	0.905098973	42.077087
4	12377328	12797212	0.42264173	42.4323655
4	12797213	12808683	8.7184E-06	42.609826
4	12808684	12831062	4.46867E-06	42.6098261
4	12831063	12962772	4.05001025	42.6098262
4	12962773	13354105	0.907824303	43.143249
4	13354106	14024921	0.529608909	43.4985097
4	14024922	14163639	7.20892E-07	43.8537793
4	14163640	14417575	1.679801524	43.8537794
4	14417576	15014325	0.356738595	44.2803398
4	15014326	15026624	8.1314E-06	44.4932232
4	15026625	15459587	0.985177452	44.4932233
4	15459588	15482690	4.32863E-06	44.9197677
4	15482691	15631334	6.72753E-07	44.9197678
4	15631335	16142956	1.042575461	44.9197679
4	16142957	17215622	9.32258E-08	45.4531714
4	17215623	17771379	1.79935E-07	45.4531715
4	17771380	17957101	2.872068318	45.4531716
4	17957102	18026183	1.44758E-06	45.986575
4	18026184	18028138	5.11771E-05	45.9865751
4	18028139	18211420	5.4561E-07	45.9865752
4	18211421	18291568	1.24771E-06	45.9865753
4	18291569	18403593	8.92666E-07	45.9865754
4	18403594	18501377	1.02267E-06	45.9865755
4	18501378	18880313	2.63898E-07	45.9865756
4	18880314	19337114	0.777755254	45.9865757
4	19337115	19344933	1.2791E-05	46.3418543
4	19344934	20387365	9.59296E-08	46.3418544
4	20387366	20426040	2.58572E-06	46.3418545
4	20426041	20463110	2.69767E-06	46.3418546
4	20463111	21388052	1.08115E-07	46.3418547
4	21388053	21628063	4.16649E-07	46.3418548
4	21628064	21761681	7.48408E-07	46.3418549
4	21761682	22027973	1.334224589	46.341855
4	22027974	22054580	6.670066902	46.697147
4	22054581	22417601	2.75467E-07	46.8746108
4	22417602	23345981	1.07715E-07	46.8746109
4	23345982	23476880	9.547546945	46.874611
4	23476881	24536929	9.43354E-08	48.1243658
4	24536930	26331520	0.396730785	48.1243659
4	26331521	26337948	110.7888439	48.836335
4	26337949	26761763	0.83833191	49.5483749
4	26761764	26874806	1.569922684	49.9036717
4	26874807	27187527	3.19775E-07	50.0811389
4	27187528	27333097	6.86959E-07	50.081139
4	27333098	27850532	1.93261E-07	50.0811391
4	27850533	28016526	6.02435E-07	50.0811392
4	28016527	28451234	1.227206371	50.0811393
4	28451235	28460919	1.03263E-05	50.6146145
4	28460920	28479445	5.39811E-06	50.6146146
4	28479446	29406005	2.213061661	50.6146147
4	29406006	29785598	5.069564164	52.6651469
4	29785599	30047317	4.702002919	54.5895129
4	30047318	30375116	5.441162545	55.8201117
4	30375117	30590472	4.347220171	57.6037139
4	30590473	30769438	5.783544827	58.5399095
4	30769439	30847948	11.96762537	59.5749616
4	30847949	31019698	4.624459531	60.5145279
4	31019699	31078624	3.651404328	61.3087742
4	31078625	31085524	1.44949E-05	61.5239332
4	31085525	31245884	7.961457729	61.5239333
4	31245885	31347116	9.387541366	62.8006247
4	31347117	31632596	10.36081603	63.7509349
4	31632597	31663161	6.91008703	66.7087303
4	31663162	32115999	13.80695902	66.9199302
4	32116000	32230019	3.19596997	73.1722321
4	32230020	32309120	4.491648546	73.5366334
4	32309121	32343703	10.27331271	73.8919228
4	32343704	32458300	8.72631E-07	74.2471945
4	32458301	503005	2.32347072	74.2471946
5	503006	580661	1.28775E-06	0
5	580662	855048	3.6445E-07	1E-07
5	855049	948405	1.07117E-06	2E-07
5	948406	1465833	1.93264E-07	3E-07
5	1465834	1648712	5.46813E-07	4E-07
5	1648713	1832716	5.43469E-07	5E-07
5	1832717	2492908	1.51471E-07	6E-07
5	2492909	3358231	1.15564E-07	7E-07
5	3358232	3652211	3.4016E-07	8E-07
5	3652212	3757032	5.090179355	9E-07
5	3757033	3764950	79.77535683	0.5335535
5	3764951	3853816	18.5774962	1.165135
5	3853817	4621982	0.284375753	2.8160242
5	4621983	5204952	1.71536E-07	3.0344717
5	5204953	5584480	0.936268039	3.0344718
5	5584481	5597094	14.06615397	3.3898108
5	5597095	5706085	12.24770254	3.5672272
5	5706086	6153180	3.358316819	4.9021043
5	6153181	6319658	1.420760225	6.4035876
5	6319659	6322066	395.1545908	6.6401115
5	6322067	6361255	61.30618046	7.5912486
5	6361256	6807321	0.417190768	9.9937152
5	6807322	6892400	2.188686852	10.1798094
5	6892401	7086953	5.14001E-07	10.3660185
5	7086954	7957899	6.476872822	10.3660186
5	7957900	8024391	6.018719827	16.0070186
5	8024392	8175617	1.173493139	16.4072093
5	8175618	8185267	1.03638E-05	16.5846708
5	8185268	8212201	3.71292E-06	16.5846709
5	8212202	8238829	3.75559E-06	16.584671
5	8238830	8359715	9.519937958	16.5846711
5	8359716	8893602	7.238796859	17.7354888
5	8893603	9031322	9.393684241	21.6001811
5	9031323	9088177	10.37146903	22.8938699
5	9088178	9498770	3.092908776	23.4835294
5	9498771	9625294	7.492157157	24.753453
5	9625295	9836683	3.583227525	25.7013832
5	9836684	9852419	11.276136	26.4588345
5	9852420	9924841	8.007097389	26.6362645
5	9924842	10445635	11.15442354	27.2161465
5	10445636	10474163	7.227952466	33.0252922
5	10474164	10491280	5.84249E-06	33.231484
5	10491281	11124667	12.0648325	33.2314841
5	11124668	11274416	1.184027833	40.8731801
5	11274417	11331387	3.111660523	41.0504859
5	11331388	11660556	12.43016514	41.2277572
5	11660557	11668534	27.2797919	45.3193698
5	11668535	11719343	3.903420721	45.5369807
5	11719344	11783980	27.94594498	45.7353057
5	11783981	11951897	1.085299793	47.5416198
5	11951898	11963961	8.28981E-06	47.723859
5	11963962	839474	4.289982523	47.7238591
6	839475	941163	9.834E-07	0
6	941164	954424	94.28338612	1E-07
6	954425	1010579	3.158994907	1.2501978
6	1010580	1157675	6.057690608	1.427588
6	1157676	1348887	6.005961477	2.318644
6	1348888	1378225	15.54553976	3.4670499
6	1378226	1460812	1.21086E-06	3.9231094
6	1460813	1477592	21.17642887	3.9231095
6	1477593	1671087	5.16812E-07	4.2784288
6	1671088	1974171	0.780351257	4.2784289
6	1974172	2126344	3.116878269	4.5149401
6	2126345	2309758	0.967574272	4.9892417
6	2309759	2894531	1.71007E-07	5.1667074
6	2894532	3176944	3.54093E-07	5.1667075
6	3176945	4644377	2.850757309	5.1667076
6	4644378	4691126	3.791914093	9.3500001
6	4691127	4803217	1.583231332	9.5272645
6	4803218	4848624	7.070748359	9.7047289
6	4848625	5118294	6.099561314	10.0257833
6	5118295	5346136	4.38903E-07	11.6706459
6	5346137	5380913	5.10310559	11.670646
6	5380914	6007514	1.136237153	11.8481116
6	6007515	6024598	5.85377E-06	12.5600778
6	6024599	6165314	2.884939061	12.5600779
6	6165315	6545293	2.1437199	12.9660321
6	6545294	6970520	0.476545649	13.7805985
6	6970521	7287591	1.120515659	13.9832381
6	7287592	8010235	0.738196592	14.33852
6	8010236	8075917	5.409017829	14.8719726
6	8075918	8097003	4.74271E-06	15.2272423
6	8097004	8363495	0.831487367	15.2272424
6	8363496	8826853	1.440732524	15.4488263
6	8826854	9145320	2.610686541	16.1163998
6	9145321	9206838	6.734455516	16.9478147
6	9206839	9312559	9.45895E-07	17.3620982
6	9312560	9824190	3.145774095	17.3620983
6	9824191	9840050	6.30557E-06	18.9715707
6	9840051	9887886	2.09052E-06	18.9715708
6	9887887	9963261	1.32672E-06	18.9715709
6	9963262	9980243	10.45085684	18.971571
6	9980244	10032450	1.91549E-06	19.149037
6	10032451	10190033	6.3459E-07	19.1490371
6	10190034	10524302	0.530906039	19.1490372
6	10524303	10534348	9.9552E-06	19.3265021
6	10534349	10593733	2.988427859	19.3265022
6	10593734	10754675	6.21346E-07	19.503967
6	10754676	10955666	3.541656301	19.5039671
6	10955667	10986676	3.22487E-06	20.2158046
6	10986677	11005733	9.312809614	20.2158047
6	11005734	11046330	2.4633E-06	20.3932696
6	11046331	11206669	6.23682E-07	20.3932697
6	11206670	11381092	5.106026189	20.3932698
6	11381093	11421610	5.473090308	21.2838731
6	11421611	11577918	1.41883153	21.5056263
6	11577919	11863495	1.556334916	21.7273996
6	11863496	12009217	6.86243E-07	22.1718515
6	12009218	12241309	3.837013499	22.1718516
6	12241310	12603598	2.45827408	23.0623879
6	12603599	12733533	1.819847769	23.9529911
6	12733534	12967296	2.028471266	24.1894512
6	12967297	13009836	2.35078E-06	24.6636307
6	13009837	13133847	2.98363E-05	24.6636308
6	13133848	13171605	4.6997325	24.6636345
6	13171606	13297626	4.232841612	24.8410823
6	13297627	13304444	1.46692E-05	25.374505
6	13304445	14010980	5.438977828	25.3745051
6	14010981	14254291	10.58474662	29.2173333
6	14254292	14388118	5.010947051	31.792708
6	14388119	14411148	13.13988015	32.463303
6	14411149	14412890	5.74383E-05	32.7659013
6	14412891	14519666	10.03147647	32.7659014
6	14519667	14585701	8.054702123	33.8370123
6	14585702	14681606	9.11819215	34.3688965
6	14681607	14785567	8.411982493	35.2433676
6	14785568	14874511	4.354826125	36.1178773
6	14874512	15086015	6.680829586	36.5052086
6	15086016	15171258	19.78330283	37.9182241
6	15171259	15237086	31.77207377	39.6045924
6	15237087	15270970	5.234132161	41.6960527
6	15270971	15292784	24.4524137	41.8734008
6	15292785	15295472	3.72162E-05	42.4067813
6	15295473	15420199	11.45582637	42.4067814
6	15420200	15666857	14.97749709	43.8356208
6	15666858	15801738	9.682009935	47.5299253
6	15801739	16172160	10.40223475	48.8358348
6	16172161	16490867	6.661354979	52.689041
6	16490868	16538683	7.986713374	54.8120548
6	16538684	16724717	5.37539E-07	55.1939395
6	16724718	425150	3.386221009	55.1939396
7	425151	1100589	4.3922437	0
7	1100590	1191113	6.898974846	2.9666883
7	1191114	1312878	7.313214086	3.5912042
7	1312879	1449332	3.908471049	4.4816904
7	1449333	1526445	7.345284781	5.015013
7	1526446	2681222	4.563320419	5.5814226
7	2681223	2689862	1.15754E-05	10.8510355
7	2689863	2724506	2.88659E-06	10.8510356
7	2724507	2822540	2.993730683	10.8510357
7	2822541	2979645	3.844089902	11.1445201
7	2979646	3054492	5.031546108	11.748442
7	3054493	4200603	9.466116952	12.1250331
7	4200604	4315399	5.166323446	22.9742444
7	4315400	4400746	11.7592623	23.5673125
7	4400747	4970138	2.935617704	24.5709185
7	4970139	5132334	5.116882148	26.2424328
7	5132335	5242299	5.085206067	27.0723655
7	5242300	6717362	2.179740716	27.6315551
7	6717363	6786380	2.706809916	30.8468078
7	6786381	6790303	2.54972E-05	31.0336237
7	6790304	6951930	6.18712E-07	31.0336238
7	6951931	6979665	3.60568E-06	31.0336239
7	6979666	7793573	3.316174084	31.033624
7	7793574	7907506	1.556404698	33.7326813
7	7907507	8482599	0.617719426	33.9100056
7	8482600	8687336	2.315898523	34.2652511
7	8687337	8833523	1.617682268	34.7393989
7	8833524	9020342	5.3528E-07	34.9758814
7	9020343	9127447	1.656886764	34.9758815
7	9127448	9261516	7.4589E-07	35.1533407
7	9261517	9265483	2.52143E-05	35.1533408
7	9265484	9515590	0.709536357	35.1533409
7	9515591	9549816	2.92184E-06	35.3308002
7	9549817	9744914	5.12566E-07	35.3308003
7	9744915	10034955	3.4478E-07	35.3308004
7	10034956	10675936	0.553706356	35.3308005
7	10675937	11386867	1.40661E-07	35.6857152
7	11386868	11412443	3.91007E-06	35.6857153
7	11412444	11975970	1.77454E-07	35.6857154
7	11975971	12153129	5.64468E-07	35.6857155
7	12153130	12647617	0.718387339	35.6857156
7	12647618	12791086	6.9702E-07	36.0409488
7	12791087	12806298	6.57419E-06	36.0409489
7	12806299	12830055	4.20946E-06	36.040949
7	12830056	13077679	4.0384E-07	36.0409491
7	13077680	13161273	1.19627E-06	36.0409492
7	13161274	13171613	9.67212E-06	36.0409493
7	13171614	13283827	8.91162E-07	36.0409494
7	13283828	13526525	0.731201457	36.0409495
7	13526526	13533360	1.46327E-05	36.2184099
7	13533361	13560982	3.62043E-06	36.21841
7	13560983	13676031	8.69202E-07	36.2184101
7	13676032	13721149	2.21646E-06	36.2184102
7	13721150	14106167	0.922654844	36.2184103
7	14106168	14428186	3.10542E-07	36.5736481
7	14428187	15030274	1.66089E-07	36.5736482
7	15030275	15829820	1.25071E-07	36.5736483
7	15829821	15966247	7.32998E-07	36.5736484
7	15966248	16171543	1.243721474	36.5736485
7	16171544	16360003	5.30619E-07	36.8289783
7	16360004	16762503	0.812703882	36.8289784
7	16762504	16810384	4.369899749	37.1560909
7	16810385	17521317	0.885943944	37.3653217
7	17521318	17534416	7.63475E-06	37.9951676
7	17534417	17631528	1.02975E-06	37.9951677
7	17631529	17692695	1.6349E-06	37.9951678
7	17692696	17778145	1.17029E-06	37.9951679
7	17778146	17808270	3.31961E-06	37.995168
7	17808271	17939908	3.365994363	37.9951681
7	17939909	18979310	1.289311055	38.4382575
7	18979311	19048567	1.44392E-06	39.7783687
7	19048568	19585036	0.994217549	39.7783688
7	19585037	19688900	9.62807E-07	40.3117347
7	19688901	19718974	3.32524E-06	40.3117348
7	19718975	19859122	7.13537E-07	40.3117349
7	19859123	19933164	4.798036223	40.311735
7	19933165	20102807	5.89477E-07	40.6669864
7	20102808	20318470	0.822883494	40.6669865
7	20318471	20325654	1.39218E-05	40.8444512
7	20325655	21521035	1.299984356	40.8444513
7	21521036	21751569	4.33777E-07	42.3984266
7	21751570	22065549	2.202098866	42.3984267
7	22065550	22707621	2.628280206	43.0898395
7	22707622	23004919	2.87822716	44.777382
7	23004920	23011615	1.49365E-05	45.6330703
7	23011616	23182245	3.314745442	45.6330704
7	23182246	23226789	7.973809577	46.1986621
7	23226790	23438897	6.736335434	46.5538395
7	23438898	23841914	2.48129E-07	47.9826634
7	23841915	24227113	8.902094507	47.9826635
7	24227114	24427971	5.322856062	51.4117325
7	24427972	24586756	1.209158983	52.4808654
7	24586757	25024355	4.78295399	52.6728605
7	25024356	25190500	8.847965018	54.7658716
7	25190501	25513363	11.18459497	56.2359079
7	25513364	25566324	8.947972054	59.8469886
7	25566325	25597996	7.466395125	60.3208732
7	25597997	25606762	1.1409E-05	60.5573414
7	25606763	25821497	8.106685481	60.5573415
7	25821498	25874172	11.94502031	62.2981225
7	25874173	26095402	7.403310145	62.9273145
7	26095403	26384088	7.17186345	64.5651414
7	26384089	26399532	6.47543E-06	66.6355508
7	26399533	26428013	6.762647472	66.6355509
7	26428014	26534645	18.91913233	66.8281511
7	26534646	27044474	7.658328495	68.8455171
7	27044475	27051682	26.15920633	72.7499474
7	27051683	1094729	2.809978274	72.9384768
8	1094730	1191743	1.03079E-06	0
8	1191744	1547345	4.626022143	0.0000001
8	1547346	1697500	3.599056302	1.6450182
8	1697501	2438250	4.267460368	2.1854309
8	2438251	3279437	6.111289774	5.3465479
8	3279438	3339669	9.12660092	10.4872793
8	3339670	3346558	1.4518E-05	11.0369836
8	3346559	3360589	12.6465645	11.0369837
8	3360590	3716822	2.400562835	11.214415
8	3716823	3812236	2.228584155	12.0695723
8	3812237	3940601	1.382473279	12.2822082
8	3940602	3972174	5.620438997	12.459668
8	3972175	4021859	8.343078255	12.6371165
8	4021860	4072680	4.071151122	13.051634
8	4072681	4250748	3.497461068	13.2585299
8	4250749	4264999	7.01754E-06	13.8813123
8	4265000	4349579	4.200345239	13.8813124
8	4349580	4370306	4.82486E-06	14.2365734
8	4370307	4672669	0.586928252	14.2365735
8	4672670	4689087	6.09125E-06	14.4140383
8	4689088	4728001	2.56984E-06	14.4140384
8	4728002	4976510	5.273270881	14.4140385
8	4976511	6437223	1.710535684	15.7244885
8	6437224	7518579	0.78203134	18.2230885
8	7518580	7856751	1.673237208	19.068742
8	7856752	9762848	1.302513987	19.6345823
8	9762849	10224304	2.16706E-07	22.117299
8	10224305	10297535	1.36556E-06	22.1172991
8	10297536	11554738	0.787658785	22.1172992
8	11554739	12280090	1.090609512	23.1075454
8	12280091	12335287	1.81173E-06	23.8986201
8	12335288	12532226	5.07774E-07	23.8986202
8	12532227	12551672	5.14271E-06	23.8986203
8	12551673	12554905	3.09406E-05	23.8986204
8	12554906	12596802	2.38686E-06	23.8986205
8	12596803	12722790	2.047333455	23.8986206
8	12722791	12811457	3.512298965	24.156558
8	12811458	12836873	3.93468E-06	24.4679795
8	12836874	12869034	3.10945E-06	24.4679796
8	12869035	13135073	4.457849631	24.4679797
8	13135074	13364244	0.886568486	25.6539371
8	13364245	13586622	2.398322668	25.857112
8	13586623	14091255	2.119760737	26.3904438
8	14091256	14145405	4.306965964	27.4601429
8	14145406	14149244	2.60552E-05	27.6933608
8	14149245	14166630	29.22101237	27.6933609
8	14166631	14757904	2.077335681	28.2013682
8	14757905	15029926	4.399269909	29.4296407
8	15029927	15072895	5.104407931	30.6263345
8	15072896	15093664	4.8151E-06	30.8456607
8	15093665	15261305	8.524880697	30.8456608
8	15261306	15321057	1.67361E-06	32.2747718
8	15321058	15338486	10.87114987	32.2747719
8	15338487	16066741	5.261108487	32.4642343
8	16066742	16224522	8.649577893	36.2956576
8	16224523	16247483	10.58944686	37.660388
8	16247484	16515183	7.216806563	37.9035217
8	16515184	16563084	3.702582463	39.8354536
8	16563085	16681551	6.457660426	40.0128073
8	16681552	17256707	11.42753588	40.7778205
8	17256708	17286560	6.073830899	47.3504249
8	17286561	17389681	5.295934833	47.5317409
8	17389682	17408601	5.28569E-06	48.0778577
8	17408602	17444136	2.81421E-06	48.0778578
8	17444137	17550103	6.716937508	48.0778579
8	17550104	17555517	1.8474E-05	48.7896249
8	17555518	17595926	9.985161354	48.789625
8	17595927	17716251	14.4936779	49.1931054
8	17716252	17921864	6.72011118	50.9370427
8	17921865	18000938	7.01042328	52.3187782
8	18000939	18120996	4.991827215	52.8731134
8	18120997	18142785	61.87602809	53.4724172
8	18142786	18228945	5.978882067	54.8205721
8	18228946	18257820	8.056545681	55.3357066
8	18257821	18268377	9.47329E-06	55.5683313
8	18268378	18364602	8.775998711	55.5683314
8	18364603	18882337	2.749498198	56.4127931
8	18882338	19083870	2.902666574	57.8363018
8	19083871	19362030	3.59507E-07	58.421282
8	19362031	166582	3.043496513	58.4212821
9	166583	247016	1.24327E-06	0
9	247017	268181	4.725E-06	0.0000001
9	268182	621951	4.327666641	0.0000002
9	621952	819100	2.196992615	1.5309945
9	819101	856712	9.445194225	1.9641272
9	856713	1204166	3.079902606	2.3193704
9	1204167	1254657	7.035543672	3.3894918
9	1254658	1486918	3.835488676	3.7447164
9	1486919	1560856	11.48883374	4.635547
9	1560857	1677321	11.60735764	5.4849969
9	1677322	1702356	14.8408844	6.8368362
9	1702357	1887333	12.19834627	7.2083629
9	1887334	1955020	10.51575363	9.4647642
9	1955021	2053769	12.48745291	10.1765335
9	2053770	2083882	10.08136623	11.4096445
9	2083883	2195512	3.426503865	11.7132146
9	2195513	2222746	7.013090736	12.0957118
9	2222747	2343162	3.1765976	12.2866993
9	2343163	2800792	0.387784209	12.6692093
9	2800793	2855253	1.83621E-06	12.8466706
9	2855254	2992263	7.29879E-07	12.8466707
9	2992264	3744469	0.472334138	12.8466708
9	3744470	5113225	0.129653444	13.2019629
9	5113226	5330823	4.59565E-07	13.3794267
9	5330824	5337040	1.60875E-05	13.3794268
9	5337041	5372610	9.988939807	13.3794269
9	5372611	5514941	1.246651444	13.7347235
9	5514942	5606896	8.198640625	13.9121594
9	5606897	5744995	7.24123E-07	14.6660572
9	5744996	5881001	1.549645234	14.6660573
9	5881002	6028149	10.13653829	14.8768168
9	6028150	6311426	2.66318608	16.368378
9	6311427	7048248	1.35718E-07	17.1227947
9	7048249	7117323	1.44772E-06	17.1227948
9	7117324	7584063	0.380254061	17.1227949
9	7584064	7722697	7.21329E-07	17.3002743
9	7722698	7769973	3.754193548	17.3002744
9	7769974	7834839	2.736118091	17.4777539
9	7834840	8064567	4.35299E-07	17.6552322
9	8064568	8175685	8.99952E-07	17.6552323
9	8175686	8200807	7.063508618	17.6552324
9	8200808	9238003	0.859056108	17.8326748
9	9238004	9304004	1.51515E-06	18.7236835
9	9304005	9538507	0.75669845	18.7236836
9	9538508	9659640	6.641442393	18.9011309
9	9659641	10254238	1.265934406	19.7056221
9	10254239	10492912	3.625681162	20.4583429
9	10492913	10508203	6.54022E-06	21.3236951
9	10508204	10651421	1.990455742	21.3236952
9	10651422	10956659	0.933911354	21.6087623
9	10956660	11151145	2.630729876	21.8938266
9	11151146	12390504	0.187980713	22.4054641
9	12390505	12634775	4.09383E-07	22.6384395
9	12634776	12670350	2.81104E-06	22.6384396
9	12670351	13052115	0.930777653	22.6384397
9	13052116	13240232	5.31587E-07	22.9937771
9	13240233	13419737	0.988703316	22.9937772
9	13419738	13561983	2.498129987	23.1712534
9	13561984	13834674	1.303131395	23.5265999
9	13834675	13968047	7.49783E-07	23.8819508
9	13968048	13978358	34.46113482	23.8819509
9	13978359	14298973	4.048960432	24.2372452
9	14298974	14512942	0.892615718	25.5353986
9	14512943	14751928	14.08683306	25.7263898
9	14751929	14907509	8.110001928	29.0929316
9	14907510	16589702	0.247187658	30.3546857
9	16589703	16725586	14.69413834	30.7705028
9	16725587	16825298	8.421736819	32.7671864
9	16825299	17094542	1.433048956	33.6069262
9	17094543	17261885	8.15795915	33.9927646
9	17261886	17564568	1.173629089	35.3579338
9	17564569	17574911	9.66931E-06	35.7131702
9	17574912	17599884	4.00449E-06	35.7131703
9	17599885	18068412	23.07713835	35.7131704
9	18068413	18381629	6.947798324	46.5254328
9	18381630	18381938	723.4636364	48.7015944
9	18381939	18512789	20.88783187	48.9244212
9	18512790	18692314	1.153988882	51.657594
9	18692315	18800653	9.23037E-07	51.8647627
9	18800654	19075283	4.26234338	51.8647628
9	19075284	19238246	3.272162836	53.0353259
9	19238247	19244808	1.52416E-05	53.5685641
9	19244809	19249984	1.93237E-05	53.5685642
9	19249985	19264764	6.76636E-06	53.5685643
9	19264765	19267061	4.3554E-05	53.5685644
9	19267062	272919	2.820267516	53.5685645
10	272920	1530339	0.14105847	0
10	1530340	1709707	2.644200996	0.1773696
10	1709708	1905096	1.21046789	0.651652
10	1905097	1922009	5.91296E-06	0.8881629
10	1922010	1983947	14.28971536	0.888163
10	1983948	2341567	2.337325198	1.7732251
10	2341568	2345241	64.84674653	2.609097
10	2345242	2381541	2.7549E-06	2.8472791
10	2381542	2530678	2.382548815	2.8472792
10	2530679	2565161	2.90006E-06	3.202603
10	2565162	2647383	6.489058756	3.2026031
10	2647384	2648427	9.58773E-05	3.73614
10	2648428	2667249	11.52983901	3.7361401
10	2667250	3077682	1.837551897	3.9531432
10	3077683	3115429	7.470457797	4.7073333
10	3115430	3196903	2.310544598	4.9893132
10	3196904	4853145	3.305261372	5.1775602
10	4853146	4858735	1.78923E-05	10.6518696
10	4858736	4933241	3.55944299	10.6518697
10	4933242	4978843	7.11962457	10.917066
10	4978844	5681491	1.197023683	11.241728
10	5681492	5839020	1.501100122	12.0828131
10	5839021	6069340	2.058677313	12.3192784
10	6069341	6226165	6.37657E-07	12.7934309
10	6226166	6362686	7.32493E-07	12.793431
10	6362687	6407378	3.970797252	12.7934311
10	6407379	6435065	0.000137253	12.97089
10	6435066	6439736	2.14133E-05	12.9708938
10	6439737	6444406	2.14179E-05	12.9708939
10	6444407	6472574	3.55025E-06	12.970894
10	6472575	6562986	1.10606E-06	12.9708941
10	6562987	6687069	8.05919E-07	12.9708942
10	6687070	7439987	1.182811386	12.9708943
10	7439988	8133094	0.769358367	13.8614531
10	8133095	8404129	3.68957E-07	14.3947
10	8404130	9116318	2.76719209	14.3947001
10	9116319	9252990	7.31684E-07	16.3654611
10	9252991	9287624	2.88742E-06	16.3654612
10	9287625	9294363	1.48412E-05	16.3654613
10	9294364	9642284	2.5600937	16.3654614
10	9642285	9852931	2.10908491	17.2561692
10	9852932	10031167	2.492774708	17.7004395
10	10031168	10195433	1.080295863	18.1447392
10	10195434	10254748	1.68594E-06	18.322194
10	10254749	10405462	2.357222005	18.3221941
10	10405463	10806611	1.385353785	18.6774581
10	10806612	10814120	1.33191E-05	19.23319
10	10814121	11652090	4.273859176	19.2331901
10	11652091	11662191	19.19939604	22.8145516
10	11662192	11668381	57.40689934	23.0084655
10	11668382	11692483	14.74026389	23.3637568
10	11692484	11758716	13.79981882	23.7190119
10	11758717	11841755	8.505049495	24.6330015
10	11841756	11931425	7.451831737	25.3392438
10	11931426	12525649	9.46548518	26.0074421
10	12525650	12557274	19.17480395	31.6320511
10	12557275	12983443	8.826377391	32.2384351
10	12983444	13055131	10.7587052	35.9999547
10	13055132	13096359	17.26801125	36.771214
10	13096360	13103182	1.46585E-05	37.4831223
10	13103183	13146064	8.285221893	37.4831224
10	13146065	13162613	6.04303E-06	37.838401
10	13162614	13221081	10.64968444	37.8384011
10	13221082	13319354	6.336865028	38.4610562
10	13319355	13332895	13.10443131	39.0837926
10	13332896	13412655	7.975637859	39.2612266
10	13412656	13460284	9.892283951	39.8973555
10	13460285	13659009	12.02945241	40.3685052
10	13659010	13907614	14.8546206	42.7590461
10	13907615	13932031	28.82875164	46.4519642
10	13932032	13971153	20.97729608	47.155847
10	13971154	14100364	7.654390527	47.9764998
10	14100365	14163258	4.191450559	48.9655236
10	14163259	14222017	9.665129855	49.2291365
10	14222018	14263632	17.4993632	49.7970402
10	14263633	14663347	6.405340068	50.5252587
10	14663348	14705025	2.3994E-06	53.0855628
10	14705026	14726769	4.59918E-06	53.0855629
10	14726770	14739589	13.84423902	53.085563
10	14739590	14808398	1.45332E-06	53.2630323
10	14808399	14839239	3.24254E-06	53.2630324
10	14839240	14892047	3.360717329	53.2630325
10	14892048	14903254	8.92379E-06	53.4405019
10	14903255	15051959	1.193439988	53.440502
10	15051960	15066125	7.05965E-06	53.6179713
10	15066126	15164866	1.797328337	53.6179714
10	15164867	15189085	4.12916E-06	53.7954396
10	15189086	15199225	9.86291E-06	53.7954397
10	15199226	15295099	1.04305E-06	53.7954398
10	15295100	15321345	3.81025E-06	53.7954399
10	15321346	730023	3.686810305	53.79544
11	730024	1023694	3.40518E-07	0
11	1023695	1049265	3.91083E-06	0.0000001
11	1049266	1571148	1.91614E-07	0.0000002
11	1571149	1935772	2.74256E-07	0.0000003
11	1935773	2299154	3.437452701	0.0000004
11	2299155	2307143	1.25188E-05	1.2491054
11	2307144	2341525	5.160140775	1.2491055
11	2341526	2881247	2.189489384	1.4265163
11	2881248	2976941	7.448798763	2.6082297
11	2976942	3138420	3.710411325	3.3210276
11	3138421	3295757	6.35582E-07	3.9201774
11	3295758	3473013	7.760504922	3.9201775
11	3473014	3609774	4.287565078	5.2957658
11	3609775	3888047	1.276591968	5.8821332
11	3888048	3931469	2.30303E-06	6.237373
11	3931470	4036085	9.55886E-07	6.2373731
11	4036086	4134733	3.796197553	6.2373732
11	4134734	4239235	1.78967474	6.6118567
11	4239236	4397993	1.177303678	6.7988795
11	4397994	5644754	2.13277407	6.9857847
11	5644755	6100748	2.19302E-07	9.6448421
11	6100749	6239998	7.18138E-07	9.6448422
11	6239999	6713507	1.12638456	9.6448423
11	6713508	6772627	1.6915E-06	10.1781944
11	6772628	6917727	6.89185E-07	10.1781945
11	6917728	7113177	2.425898828	10.1781946
11	7113178	7147435	6.903193508	10.6523341
11	7147436	7285736	7.23066E-07	10.8888168
11	7285737	7385763	2.654141923	10.8888169
11	7385764	7988691	1.329957358	11.1543001
11	7988692	8041557	1.89161E-06	11.9561673
11	8041558	8308914	0.663726268	11.9561674
11	8308915	8537309	1.55535303	12.1336186
11	8537310	8556320	5.26039E-06	12.4888519
11	8556321	9611495	0.932704085	12.488852
11	9611496	9836342	1.377101216	13.4730171
11	9836343	10107334	3.109189604	13.7826528
11	10107335	10124122	5.95699E-06	14.6252152
11	10124123	10140557	6.08495E-06	14.6252153
11	10140558	10763737	2.292600681	14.6252154
11	10763738	11036530	1.954736942	16.053916
11	11036531	11468449	1.647724105	16.5871526
11	11468450	11485931	5.7205E-06	17.2988343
11	11485932	11508092	8.007987365	17.2988344
11	11508093	11587171	2.244129846	17.4762914
11	11587172	11635077	2.08746E-06	17.6537527
11	11635078	11653698	5.37057E-06	17.6537528
11	11653699	11862681	2.379181939	17.6537529
11	11862682	12019102	4.781570771	18.1509591
11	12019103	12060158	4.320976739	18.8988924
11	12060159	12105225	8.43208E-05	19.0762901
11	12105226	12747472	0.830394584	19.0762939
11	12747473	12752495	1.99124E-05	19.6096115
11	12752496	12893385	6.320044148	19.6096116
11	12893386	12915001	4.62642E-06	20.5000363
11	12915002	12956223	2.42595E-06	20.5000364
11	12956224	12961942	1.74886E-05	20.5000365
11	12961943	13027098	5.852137211	20.5000366
11	13027099	13052636	7.550048949	20.8813326
11	13052637	13200909	13.48659288	21.0741382
11	13200910	13542839	3.566643075	23.0738223
11	13542840	13620228	1.29219E-06	24.293361
11	13620229	14075732	7.466993851	24.2933611
11	14075733	14269494	11.64420652	27.6945992
11	14269495	14402010	14.90937252	29.9507923
11	14402011	14754399	10.2269751	31.9265078
11	14754400	14762230	27.61938697	35.5303711
11	14762231	15063042	7.081157936	35.7466309
11	15063043	15957855	11.92385753	37.8767211
11	15957856	16179759	4.50647E-07	48.5463319
11	16179760	16325755	1.23611562	48.546332
11	16325756	16336232	9.54563E-06	48.7267987
11	16336233	314429	3.04128042	48.7267988
12	314430	363316	2.04558E-06	0
12	363317	458271	7.494291973	0.0000001
12	458272	552534	8.496627485	0.7116131
12	552535	628266	10.57535619	1.5125222
12	628267	901980	9.61414182	2.3134045
12	901981	1360159	28.22183846	4.9449201
12	1360160	1450434	1.965474001	17.8755456
12	1450435	1483770	2.99985E-06	18.0529768
12	1483771	1516648	3.04164E-06	18.0529769
12	1516649	1806759	1.838069008	18.052977
12	1806760	1988541	2.932913231	18.5862192
12	1988542	3288870	2.354674897	19.1193671
12	3288871	4135421	1.18127E-07	22.1812168
12	4135422	4367220	3.070185247	22.1812169
12	4367221	4422792	3.192634648	22.8928797
12	4422793	4555266	2.681449805	23.0702976
12	4555267	4840909	3.50089E-07	23.4255173
12	4840910	5706810	0.204921238	23.4255174
12	5706811	5827201	3.68989534	23.6029587
12	5827202	6139483	1.422499928	24.0471852
12	6139484	6213792	7.177044194	24.4914049
12	6213793	6270935	1.75003E-06	25.0247167
12	6270936	6277811	35.58462545	25.0247168
12	6277812	6399961	8.518878583	25.2693611
12	6399962	6442814	15.70930178	26.3099336
12	6442815	6536694	1.0652E-06	26.9831086
12	6536695	6606590	1.43072E-06	26.9831087
12	6606591	6647622	24.83362092	26.9831088
12	6647623	6709914	6.512842947	28.0020571
12	6709915	6715762	1.71028E-05	28.4077486
12	6715763	6733112	5.76402E-06	28.4077487
12	6733113	7248953	1.379939516	28.4077488
12	7248954	7417595	1.05202175	29.1195768
12	7417596	7540418	4.963482927	29.2969908
12	7540419	8183565	1.265677311	29.9066157
12	8183566	8404374	2.415362668	30.720631
12	8404375	8556055	3.097045095	31.2539624
12	8556056	8584076	9.323943612	31.7237222
12	8584077	10874873	4.36529E-08	31.9849791
12	10874874	10883798	464.5701143	31.9849792
12	10883799	11027623	1.283229503	36.1308029
12	11027624	11455842	1.245446011	36.3153621
12	11455843	11598731	7.485918342	36.8486845
12	11598732	12166582	2.200129436	37.9183324
12	12166583	12317051	1.28420395	39.1676759
12	12317052	12645769	0.651601225	39.3609075
12	12645770	13024764	4.582403152	39.5750999
12	13024765	13147456	8.15056E-07	41.3118032
12	13147457	13330044	5.47684E-07	41.3118033
12	13330045	13921047	1.69204E-07	41.3118034
12	13921048	14229573	0.575207844	41.3118035
12	14229574	14236932	24.11893177	41.4892695
12	14236933	14257509	4.86003E-06	41.6667366
12	14257510	14599548	0.518855507	41.6667367
12	14599549	14913392	0.565471908	41.844205
12	14913393	14966603	1.87935E-06	42.0216744
12	14966604	15009531	2.32954E-06	42.0216745
12	15009532	15113204	9.64581E-07	42.0216746
12	15113205	15138267	16.48005746	42.0216747
12	15138268	15426869	2.965082588	42.4346979
12	15426870	15436924	547.4295803	43.2904237
12	15436925	15535144	12.51459595	48.7942807
12	15535145	15685419	1.180707241	50.0234518
12	15685420	15691390	29.72500838	50.2008814
12	15691391	16229804	1.235030358	50.3783397
12	16229805	16333188	2.31667779	51.0432961
12	16333189	18047830	1.46012973	51.2828012
12	18047831	18106260	1.71148E-06	53.7863995
12	18106261	424980	3.041996765	53.7863996
13	424981	524296	1.0069E-06	0
13	524297	872790	0.509257001	0.0000001
13	872791	896876	4.15196E-06	0.1774726
13	896877	1003456	9.38271E-07	0.1774727
13	1003457	1004928	6.7981E-05	0.1774728
13	1004929	1040801	2.78769E-06	0.1774729
13	1040802	1130727	1.11204E-06	0.177473
13	1130728	1447763	3.15423E-07	0.1774731
13	1447764	1713701	2.00590967	0.1774732
13	1713702	1834378	4.420526037	0.7109188
13	1834379	2159508	1.18629221	1.2443702
13	2159509	3047241	2.940025368	1.6300682
13	3047242	4988786	2.724055958	4.2400228
13	4988787	5150685	1.154359535	9.5288973
13	5150686	5159905	1.08472E-05	9.7157858
13	5159906	5594990	0.681309356	9.7157859
13	5594991	5877738	8.675818311	10.0122127
13	5877739	5879074	7.49064E-05	12.4652743
13	5879075	5910667	3.16536E-06	12.4652744
13	5910668	6159285	3.819396904	12.4652745
13	6159286	6509400	5.458258453	13.4148415
13	6509401	6511669	4.40917E-05	15.3258542
13	6511670	6511857	0.000534759	15.3258543
13	6511858	6744948	1.524076108	15.3258544
13	6744949	6757607	7.90014E-06	15.6811013
13	6757608	6797090	4.494602604	15.6811014
13	6797091	7081460	1.249274007	15.8585573
13	7081461	7340270	2.155780518	16.2138121
13	7340271	7357455	5.81937E-06	16.7717475
13	7357456	10133317	1.224138709	16.7717476
13	10133318	10324826	0.972690958	20.1697865
13	10324827	10333386	1.16836E-05	20.3560646
13	10333387	10400329	1.49383E-06	20.3560647
13	10400330	10598453	5.04737E-07	20.3560648
13	10598454	10886694	1.393756245	20.3560649
13	10886695	11385257	0.805741914	20.7578012
13	11385258	11859544	1.54349907	21.1595135
13	11859545	12037705	5.61293E-07	21.8915735
13	12037706	12350801	1.341303119	21.8915736
13	12350802	12427149	6.985436232	22.3115289
13	12427150	12473475	2.15866E-06	22.844846
13	12473476	14187971	0.833367726	22.8448461
13	14187972	14218141	3.31466E-06	24.2736509
13	14218142	14279429	1.63167E-06	24.273651
13	14279430	14566393	1.999311409	24.2736511
13	14566394	15259812	2.782654185	24.8473795
13	15259813	15312892	1.88398E-06	26.776922
13	15312893	15378569	1.52263E-06	26.7769221
13	15378570	15571271	1.843373413	26.7769222
13	15571272	15794515	3.188304672	27.1321421
13	15794516	16112932	4.364014057	27.8439088
13	16112933	16278769	2.377201573	29.2334807
13	16278770	16285146	1.56838E-05	29.6277063
13	16285147	16299064	7.18546E-06	29.6277064
13	16299065	16655025	2.849701371	29.6277065
13	16655026	16871487	2.097273412	30.6420862
13	16871488	16932623	6.431948965	31.0960641
13	16932624	17013718	12.1713382	31.4892813
13	17013719	17124756	9.095691526	32.4763038
13	17124757	17287014	18.85069057	33.4862621
13	17287015	17478983	7.887251521	36.5449186
13	17478984	17641462	5.353618336	38.0590185
13	17641463	17681319	6.681089422	38.9288637
13	17681320	17690410	1.10011E-05	39.1951452
13	17690411	17693500	86.20702493	39.1951453
13	17693501	17696173	3.74251E-05	39.4614388
13	17696174	17771354	2.360268688	39.4614389
13	17771355	17901111	4.445241068	39.6388839
13	17901112	18178288	6.375568231	40.2156806
13	18178289	18430511	11.66354045	41.9828351
13	18430512	18503872	129.1735523	44.9246366
13	18503873	18599361	1.04725E-06	54.4008084
13	18599362	18688121	4.001772215	54.4008085
13	18688122	18926664	4.19213E-07	54.7560018
13	18926665	19060786	13.33382543	54.7560019
13	19060787	19085911	92.80736746	56.5443479
13	19085912	19088461	3.92311E-05	58.8760402
13	19088462	19182381	1.06475E-06	58.8760403
13	19182382	19677323	8.799744818	58.8760404
13	19677324	19683497	1.61996E-05	63.2313949
13	19683498	19691514	1.24751E-05	63.231395
13	19691515	19791052	1.00465E-06	63.2313951
13	19791053	19793351	4.35161E-05	63.2313952
13	19793352	19840080	3.797678052	63.2313953
13	19840081	19882875	2.33678E-06	63.4088532
13	19882876	690632	3.303879072	63.4088533
14	690633	894867	4.67958812	0
14	894868	1046926	10.13265662	0.955731
14	1046927	1076430	3.38949E-06	2.4964825
14	1076431	1195048	9.226986857	2.4964826
14	1195049	1514159	9.651139106	3.5909601
14	1514160	1554828	37.75939559	6.6707351
14	1554829	1790312	9.294679021	8.2063342
14	1790313	1825647	2.83014E-06	10.3950731
14	1825648	1931914	10.08546195	10.3950732
14	1931915	1962085	34.85116672	11.4668149
14	1962086	2032618	17.9572974	12.5182746
14	2032619	2033099	0.000208333	13.7848387
14	2033100	2181047	5.091989699	13.7848388
14	2181048	2375840	12.53888866	14.5381834
14	2375841	2456418	4.680696725	16.9806586
14	2456419	2460564	45.43148372	17.3578151
14	2460565	2574765	15.15278459	17.5461286
14	2574766	2636604	14.19483974	19.2765766
14	2636605	2696055	10.19675021	20.1543571
14	2696056	2715702	5.09009E-06	20.7605539
14	2715703	2955883	8.968557748	20.760554
14	2955884	2967905	8.31878E-06	22.9146222
14	2967906	2985379	12.25826704	22.9146223
14	2985380	3189865	3.995030442	23.128811
14	3189866	3292799	2.080154081	23.9457348
14	3292800	3447684	10.39839816	24.1598513
14	3447685	3642990	5.479781368	25.7703968
14	3642991	3852647	5.104643797	26.8406255
14	3852648	4005397	6.54669E-07	27.9108447
14	4005398	4089257	5.084058956	27.9108448
14	4089258	4160646	8.974582563	28.3371889
14	4160647	4169337	1.15075E-05	28.9778664
14	4169338	4232226	1.59013E-06	28.9778665
14	4232227	4259894	17.97398345	28.9778666
14	4259895	4432568	4.33306481	29.4751528
14	4432569	4614928	2.925184937	30.2233561
14	4614929	5190307	1.291154511	30.7567899
14	5190308	5474144	0.723551276	31.4996918
14	5474145	5909050	3.770104046	31.7050617
14	5909051	6849437	1.175063006	33.3446988
14	6849438	7142092	2.013200913	34.4497116
14	7142093	7392270	4.277967199	35.0388829
14	7392271	8766526	0.671162266	36.1091319
14	8766527	8859736	2.92505552	37.03148
14	8859737	8945809	3.168001208	37.3041215
14	8945810	9141718	1.173959716	37.5767977
14	9141719	9287165	2.257118106	37.8067858
14	9287166	9483956	1.668170131	38.1350746
14	9483957	9495616	8.57707E-06	38.4633538
14	9495617	9735747	4.16441E-07	38.4633539
14	9735748	10022193	3.998873082	38.463354
14	10022194	10066889	4.241563933	39.6088112
14	10066890	10406862	2.240135364	39.7983879
14	10406863	10493799	1.15027E-06	40.5599712
14	10493800	10784420	2.450391233	40.5599713
14	10784421	10830980	3.811467171	41.272104
14	10830981	10950685	8.35394E-07	41.4495621
14	10950686	10967117	21.62520845	41.4495622
14	10967118	11037319	2.528066552	41.804886
14	11037320	11099649	2.847497954	41.9823588
14	11099650	11108352	1.14916E-05	42.1598405
14	11108353	11345665	3.754914627	42.1598406
14	11345666	11436262	4.411524791	43.0509269
14	11436263	11656440	1.815218211	43.4505934
14	11656441	12562062	0.885411889	43.8502627
14	12562063	12618266	1.77926E-06	44.6521103
14	12618267	13235325	0.28762515	44.6521104
14	13235326	13272237	2.70922E-06	44.8295918
14	13272238	13277691	1.83385E-05	44.8295919
14	13277692	13299467	4.59242E-06	44.829592
14	13299468	13883109	6.16818E-06	44.8295921
14	13883110	14018214	1.313424473	44.8295957
14	14018215	14214120	3.635083331	45.0070446
14	14214121	14345923	1.346237538	45.7191756
14	14345924	14360386	36.89287097	45.8966124
14	14360387	14487257	7.88208E-07	46.4301571
14	14487258	14500148	7.75795E-06	46.4301572
14	14500149	14512748	7.93714E-06	46.4301573
14	14512749	172958	3.237854541	46.4301574
15	172959	197526	4.0705E-06	0
15	197527	321919	8.0391E-07	0.0000001
15	321920	370700	185.1860353	0.0000002
15	370701	435039	1.55429E-06	9.033375
15	435040	807427	0.613151104	9.0333751
15	807428	1194237	3.077213043	9.2617046
15	1194238	1261502	8.53471991	10.4519983
15	1261503	1997576	8.832748246	11.0260777
15	1997577	2066064	2.864974375	17.5276252
15	2066065	2216029	15.88041063	17.7238387
15	2216030	2377304	8.717800141	20.1053286
15	2377305	2385168	1.27178E-05	21.5112831
15	2385169	2413784	18.64246374	21.5112832
15	2413785	2471772	6.126481798	22.0447373
15	2471773	2507044	22.71916305	22.3999936
15	2507045	2566367	13.50701932	23.2013212
15	2566368	2731641	9.382993592	24.0025846
15	2731642	2883249	4.443390477	25.5533401
15	2883250	3034215	5.064977313	26.2269892
15	3034216	3269920	4.878861623	26.9916235
15	3269921	3345263	9.218055003	28.1415907
15	3345264	4138553	4.801766947	28.8360974
15	4138554	4167329	12.87295222	32.6452863
15	4167330	4191025	16.63903777	33.0157055
15	4191026	4615623	3.273429393	33.4099675
15	4615624	4642351	3.74153E-06	34.7998558
15	4642352	5400350	2.361750163	34.7998559
15	5400351	5777316	3.791024896	36.5900578
15	5777317	5858889	1.22591E-06	38.0191415
15	5858890	6213471	1.504135867	38.0191416
15	6213472	6639480	3.167433945	38.5524796
15	6639481	8737530	1.637453177	39.9018318
15	8737531	9046373	3.133227022	43.3372888
15	9046374	9174098	7.82938E-07	44.3049609
15	9174099	9515069	1.041818635	44.304961
15	9515070	9831730	1.121813301	44.6601899
15	9831731	9839016	1.37268E-05	45.0154233
15	9839017	10310104	2.270650644	45.0154234
15	10310105	10408784	1.797824258	46.0850974
15	10408785	10765711	0.995282776	46.2625049
15	10765712	10803169	2.66973E-06	46.6177472
15	10803170	10861636	1.7104E-06	46.6177473
15	10861637	10923139	1.62596E-06	46.6177474
15	10923140	10931683	1.17055E-05	46.6177475
15	10931684	10990095	1.71201E-06	46.6177476
15	10990096	11044232	6.83464E-05	46.6177477
15	11044233	11164364	1.477174085	46.6177514
15	11164365	11238623	2.389737133	46.7952058
15	11238624	11491013	0.70310909	46.9726629
15	11491014	11492838	5.48246E-05	47.1501199
15	11492839	11588347	6.212209448	47.15012
15	11588348	11673179	3.481588099	47.7434357
15	11673180	11777080	1.707806545	48.0387823
15	11777081	11832898	6.364088002	48.2162234
15	11832899	11923192	3.93388081	48.5714477
15	11923193	11967635	2.25012E-06	48.9266496
15	11967636	12156665	2.821267107	48.9266497
15	12156666	12187213	3.27364E-06	49.459951
15	12187214	12524162	1.054191448	49.4599511
15	12524163	13111993	1.70117E-07	49.8151588
15	13111994	13137044	3.99202E-06	49.8151589
15	13137045	13153668	6.01576E-06	49.815159
15	13153669	13676979	0.678760008	49.8151591
15	13676980	14464890	0.903286924	50.170361
15	14464891	15587729	8.906E-08	50.8820698
15	15587730	657956	3.40809378	50.8820699
16	657957	736954	1.26587E-06	0
16	736955	2585760	1.927186859	0.0000001
16	2585761	2898522	5.480879649	3.5629928
16	2898523	3058432	3.439850165	5.2771982
16	3058433	3328920	5.030370036	5.8272612
16	3328921	4084488	2.845983612	7.1879109
16	4084489	4197957	1.562791272	9.3382422
16	4197958	5144895	1.059170779	9.515569
16	5144896	5275809	4.582698433	10.518537
16	5275810	5471162	5.11896E-07	11.1184718
16	5471163	5524381	6.675230185	11.1184719
16	5524382	5534986	9.4304E-06	11.4737143
16	5534987	6047923	0.345965384	11.4737144
16	6047924	6246694	1.787249082	11.6511725
16	6246695	6372462	2.824679765	12.006424
16	6372463	6418084	3.888654348	12.3616755
16	6418085	7674626	1.839661261	12.5390798
16	7674627	8157007	1.890838965	14.8506896
16	8157008	8795562	1.56604E-07	15.7627925
16	8795563	9048408	3.128387747	15.7627926
16	9048409	9482187	2.282267197	16.5537898
16	9482188	9558467	1.31098E-06	17.5437871
16	9558468	9562092	2.75938E-05	17.5437872
16	9562093	9820235	1.376045742	17.5437873
16	9820236	10052532	4.30485E-07	17.8990025
16	10052533	10082295	3.35999E-06	17.8990026
16	10082296	10121426	2.55558E-06	17.8990027
16	10121427	10206982	1.16884E-06	17.8990028
16	10206983	10250392	8.182678707	17.8990029
16	10250393	10375458	5.690895135	18.2542048
16	10375459	10496181	2.205683305	18.9659366
16	10496182	10611555	8.66754E-07	19.2322111
16	10611556	10646413	7.639748114	19.2322112
16	10646414	10803826	1.127290804	19.4985099
16	10803827	10834838	3.22466E-06	19.675959
16	10834839	10937545	9.73653E-07	19.6759591
16	10937546	10980152	2.34709E-06	19.6759592
16	10980153	10993698	7.3828E-06	19.6759593
16	10993699	11409754	3.760321832	19.6759594
16	11409755	11534875	1.765089514	21.2404601
16	11534876	11705094	5.87482E-07	21.4613081
16	11705095	11963874	1.372683255	21.4613082
16	11963875	12233027	1.319773957	21.8165298
16	12233028	12239414	1.56593E-05	22.1717496
16	12239415	12765259	0.337468717	22.1717497
16	12765260	12923882	1.118669541	22.3492056
16	12923883	13024460	3.801325353	22.5266512
16	13024461	13144017	7.052420623	22.9089771
16	13144018	13155106	9.01876E-06	23.7521363
16	13155107	13590765	2.912299327	23.7521364
16	13590766	13628333	2.66191E-06	25.0209029
16	13628334	13857421	1.550539315	25.020903
16	13857422	13883424	3.84586E-06	25.3761114
16	13883425	14031174	6.76824E-07	25.3761115
16	14031175	14177976	6.35136886	25.3761116
16	14177977	14299969	3.244903764	26.3084989
16	14299970	14874604	4.524546929	26.7043512
16	14874605	14946112	2.644787224	29.3043097
16	14946113	14998141	1.92204E-06	29.4934305
16	14998142	15668314	5.400384379	29.4934306
16	15668315	16027970	9.45489483	33.112617
16	16027971	16051737	9.398401077	36.5131172
16	16051738	16094080	15.95047943	36.7364796
16	16094081	16143391	4.771338471	37.4118548
16	16143392	16244070	24.48065814	37.6471295
16	16244071	16259421	23.13005863	40.1117932
16	16259422	16289360	25.45965328	40.4668396
16	16289361	16672259	0.509856411	41.2290507
16	16672260	16757256	20.14431032	41.4242737
16	16757257	16902826	9.20359692	43.1364595
16	16902827	16958531	62.92924027	44.4762179
16	16958532	17209572	1.555167304	47.9816283
16	17209573	17262486	7.434488689	48.3720375
16	17262487	17465413	14.7997743	48.7654186
16	17465414	17535791	1.42092E-06	51.7686776
16	17535792	17690173	1.148966518	51.7686777
16	17690174	17698890	184.5114273	51.9460563
16	17698891	17786435	1.14228E-06	53.5542579
16	17786436	17801605	11.69409981	53.554258
16	17801606	77431	3.03154566	53.7316458
17	77432	259869	5.48134E-07	0
17	259870	268688	1.13404E-05	0.0000001
17	268689	386763	8.46927E-07	0.0000002
17	386764	488453	1.949300318	0.0000003
17	488454	629240	7.10298E-07	0.1982227
17	629241	1063426	5.64245149	0.1982228
17	1063427	1293410	7.999901732	2.6480906
17	1293411	1311732	5.45822E-06	4.487932
17	1311733	1355311	8.154220019	4.4879321
17	1355312	1373206	26.50946686	4.8432767
17	1373207	1378273	1.97394E-05	5.3176371
17	1378274	1407278	8.154516618	5.3176372
17	1407279	1433668	6.725692523	5.5541508
17	1433669	1433695	0.003846154	5.7316351
17	1433696	1444496	9.25926E-06	5.7316352
17	1444497	1486125	2.40223E-06	5.7316353
17	1486126	1494261	21.81660725	5.7316354
17	1494262	1670570	2.057683145	5.9091135
17	1670571	1671073	0.000199203	6.2718995
17	1671074	1756848	2.112026955	6.2718996
17	1756849	1791932	21.3996152	6.4530566
17	1791933	1879405	7.982865374	7.2038193
17	1879406	1910200	8.172689485	7.9020965
17	1910201	2292373	16.10376558	8.1537663
17	2292374	2697223	12.10846859	14.3081746
17	2697224	3074149	11.23035591	19.210276
17	3074150	3475325	2.510126254	23.4432779
17	3475326	3584415	7.372613187	24.4502778
17	3584416	3844361	9.397918021	25.2545488
17	3844362	4150998	5.78309494	27.6974906
17	4150999	4269589	5.276464289	29.4707957
17	4269590	4430134	6.22882E-07	30.0965316
17	4430135	4449866	5.06817E-06	30.0965317
17	4449867	4483172	3.00255E-06	30.0965318
17	4483173	4488702	1.80865E-05	30.0965319
17	4488703	4590533	9.82029E-07	30.096532
17	4590534	4686935	1.840891692	30.0965321
17	4686936	4849937	2.179692763	30.2739959
17	4849938	4859749	1.01926E-05	30.629288
17	4859750	4962455	3.459039969	30.6292881
17	4962456	5351890	1.828136989	30.9845488
17	5351891	5463558	4.776850815	31.6964875
17	5463559	5832674	1.928889641	32.2299041
17	5832675	6030294	1.121170029	32.9418862
17	6030295	7926751	0.803028122	33.1634507
17	7926752	8287822	0.588789985	34.6863582
17	8287823	8682946	2.707879572	34.8989526
17	8682947	9214627	1.238415024	35.9688981
17	9214628	9278387	4.424214621	36.6273386
17	9278388	9590292	2.208622525	36.9094221
17	9590293	10329936	4.710115691	37.5983003
17	10329937	10399776	12.17478773	41.0821044
17	10399777	10992298	5.670366282	41.9323794
17	10992299	11001066	29.05205886	45.2921905
17	11001067	11033394	26.28249142	45.5468899
17	11033395	11043443	17.65832006	46.396524
17	11043444	11044847	144.4102637	46.5739548
17	11044848	11054169	26.03521081	46.7765624
17	11054170	11135601	12.01957363	47.0192366
17	11135602	11153354	9.993285264	47.9980025
17	11153355	11259409	6.713260226	48.1754033
17	11259410	11261414	4.99002E-05	48.8873714
17	11261415	11644278	7.05522576	48.8873715
17	11644279	11652731	1.18315E-05	51.5885564
17	11652732	11735948	12.85997645	51.5885565
17	11735949	11948308	4.617587199	52.6587123
17	11948309	12085190	7.164338367	53.6392985
17	12085191	12106390	25.16588047	54.6199603
17	12106391	12120000	13.03845249	55.1534518
17	12120001	12154616	15.41246858	55.3308921
17	12154617	12169043	24.62862886	55.8643947
17	12169044	12171651	3.83583E-05	56.2196873
17	12171652	12181673	9.97904E-06	56.2196874
17	12181674	12777595	12.02562353	56.2196875
17	12777596	12781770	54.60869669	63.3860091
17	12781771	13039988	1.035791214	63.6139458
17	13039989	13214416	1.937334816	63.8814047
17	13214417	13478852	7.017167546	64.2193282
17	13478853	13565487	6.570975598	66.0749129
17	13565488	13663034	3.886514055	66.6441828
17	13663035	13755152	1.926479369	67.0232967
17	13755153	13770681	6.43998E-06	67.2007582
17	13770682	13784131	13.19588817	67.2007583
17	13784132	13792567	1.18554E-05	67.3782298
17	13792568	13939194	4.552923083	67.3782299
17	13939195	14001800	3.539426563	68.0458068
17	14001801	14133094	7.61655E-07	68.2673926
17	14133095	14144225	8.98473E-06	68.2673927
17	14144226	1034567	5.207411787	68.2673928
18	1034568	1367537	1.059396821	0
18	1367538	1486756	2.979373081	0.3527463
18	1486757	1748628	2.909918242	0.7079412
18	1748629	1755756	1.40311E-05	1.4699644
18	1755757	2254482	3.845617124	1.4699645
18	2254483	2343145	4.004990864	3.3878699
18	2343146	2532910	2.809900192	3.7429604
18	2532911	2556466	4.24538E-06	4.2761783
18	2556467	2570682	7.03482E-06	4.2761784
18	2570683	2624779	9.857237134	4.2761785
18	2624780	2708900	2.109264146	4.8094156
18	2708901	2832391	1.436968176	4.9868469
18	2832392	2866486	2.93307E-06	5.1642981
18	2866487	3231752	4.897632951	5.1642982
18	3231753	3251023	11.49419824	6.9532321
18	3251024	3401004	4.449885318	7.1747253
18	3401005	4011658	0.581679121	7.8421191
18	4011659	4018015	1.57332E-05	8.1973232
18	4018016	4125282	9.32262E-07	8.1973233
18	4125283	4160342	5.061792978	8.1973234
18	4160343	4212578	1.91443E-06	8.3747848
18	4212579	4254806	2.36815E-06	8.3747849
18	4254807	4517886	3.80114E-07	8.374785
18	4517887	5048262	1.88546E-07	8.3747851
18	5048263	5363119	3.17606E-07	8.3747852
18	5363120	5394473	3.18949E-06	8.3747853
18	5394474	5489016	1.05773E-06	8.3747854
18	5489017	5744555	3.91331E-07	8.3747855
18	5744556	6061680	0.559394748	8.3747856
18	6061681	7434202	0.984821362	8.5521831
18	7434203	8132476	1.453426955	9.9038711
18	8132477	8508895	1.563508121	10.9187599
18	8508896	8732456	1.92462292	11.5072925
18	8732457	9235694	1.414072296	11.9375612
18	9235695	9357370	8.21862E-07	12.6491747
18	9357371	9485204	1.38814156	12.6491748
18	9485205	9496394	15.85951381	12.8266251
18	9496395	9513481	5.85275E-06	13.0040772
18	9513482	9819237	2.795828359	13.0040773
18	9819238	9848841	7.182522042	13.8589158
18	9848842	9898488	2.01426E-06	14.07154
18	9898489	10229369	3.619871857	14.0715401
18	10229370	10309562	5.937199471	15.2692833
18	10309563	10887401	3.284079448	15.7453992
18	10887402	10902119	12.73251342	17.6430651
18	10902120	11654125	3.998743226	17.8304495
18	11654126	11879541	4.133245347	20.8375244
18	11879542	11940101	3.252152446	21.7692199
18	11940102	12115678	4.504951132	21.966167
18	12115679	12267745	5.201596018	22.7571283
18	12267746	12269288	6.48508E-05	23.5481142
18	12269289	12532480	1.473946298	23.5481143
18	12532481	12700423	5.229330364	23.9360437
18	12700424	13194161	1.685108874	24.8142679
18	13194162	13286070	2.406814423	25.6462685
18	13286071	13579866	6.860879525	25.867474
18	13579867	13626482	4.520948193	27.8831661
18	13626483	13735911	8.568599444	28.0939101
18	13735912	13906464	13.94536915	29.0315548
18	13906465	13909637	194.6265132	31.4099654
18	13909638	14167775	12.48717232	32.0273207
18	14167776	14249795	7.932414441	35.2507219
18	14249796	14310610	11.70223962	35.9013306
18	14310611	14428851	11.74964817	36.6129906
18	14428852	14444075	25.8966301	38.002269
18	14444076	14484417	8.805716269	38.3964934
18	14484418	14498128	12.93889132	38.7517248
18	14498129	14610014	11.44363051	38.929117
18	14610015	15068067	12.59736056	40.2094876
18	15068068	15584778	5.691700954	45.9797338
18	15584779	15670981	1.16007E-06	48.9206926
18	15670982	15738342	5.218384798	48.9206927
18	15738343	13580	3.133414672	49.2722031
19	13581	234998	5.977828712	0
19	234999	497355	1.786684124	1.3235929
19	497356	711212	28.02654356	1.7923402
19	711213	814751	22.57177075	7.7859847
19	814752	823785	39.03746264	10.1230207
19	823786	1073470	4.254377533	10.4756461
19	1073471	1164050	3.977871251	11.5378961
19	1164051	1221630	6.255989163	11.8982077
19	1221631	1445873	13.92448159	12.2584213
19	1445874	1758078	23.1388496	15.3808749
19	1758079	2221659	10.96641443	22.6049163
19	2221660	3178507	3.995651447	27.6887267
19	3178508	3529641	2.84792E-07	31.5119538
19	3529642	3850228	3.11929E-07	31.5119539
19	3850229	4833519	0.56497544	31.511954
19	4833520	4860704	50.44952546	32.0674887
19	4860705	4914119	32.52985172	33.4389086
19	4914120	5123437	16.57582662	35.1764581
19	5123438	5472082	2.02663175	38.6460604
19	5472083	5982219	0.691418955	39.3526334
19	5982220	5997386	6.5937E-06	39.7053511
19	5997387	6185275	7.081112152	39.7053512
19	6185276	6212603	16.10017931	41.0358072
19	6212604	6319506	3.299460253	41.4757768
19	6319507	6427257	9.28074E-07	41.8284957
19	6427258	6641672	6.204449336	41.8284958
19	6641673	6704815	6.968081467	43.1588166
19	6704816	7539497	0.422541306	43.5987952
19	7539498	7560406	50.79808207	43.9514824
19	7560407	7685152	2.827299691	45.0135687
19	7685153	7700030	6.72179E-06	45.3662602
19	7700031	7978069	5.10235903	45.3662603
19	7978070	8224131	1.43319624	46.78491
19	8224132	8261472	5.08838E-05	47.1375637
19	8261473	8272106	9.40468E-06	47.1375656
19	8272107	8302929	3.24444E-06	47.1375657
19	8302930	8309443	1.53539E-05	47.1375658
19	8309444	8467821	6.31405E-07	47.1375659
19	8467822	8736407	3.72322E-07	47.137566
19	8736408	9024057	3.47646E-07	47.1375661
19	9024058	9295555	3.68328E-07	47.1375662
19	9295556	9355019	1.68172E-06	47.1375663
19	9355020	9398568	2.29632E-06	47.1375664
19	9398569	9494382	3.681230104	47.1375665
19	9494383	9506528	29.04228901	47.4902762
19	9506529	9567574	1.63814E-06	47.8429948
19	9567575	9574955	1.35501E-05	47.8429949
19	9574956	9611984	2.70066E-06	47.842995
19	9611985	9691648	1.25529E-06	47.8429951
19	9691649	10046085	1.325503617	47.8429952
19	10046086	11211019	0.810526356	48.3128014
19	11211020	11929921	1.39101E-07	49.2570103
19	11929922	11937988	43.73234565	49.2570104
19	11937989	12414946	2.09663E-07	49.6097555
19	12414947	12664330	14.39734986	49.6097556
19	12664331	13517594	1.17197E-07	53.2002099
19	13517595	14656174	0.932607399	53.20021
19	14656175	14754625	12.336645	54.2620572
19	14754626	14935678	6.708242383	55.4765999
19	14935679	15087024	2.65983944	56.6911406
19	15087025	15314199	4.674477713	57.093694
19	15314200	15950476	0.554119282	58.1556138
19	15950477	16370689	5.943007101	58.5081866
19	16370690	16903836	7.428166956	61.0055095
19	16903837	18083448	0.900559167	64.965807
19	18083449	18556650	0.745443691	66.0281165
19	18556651	19220976	1.50529E-07	66.3808612
19	19220977	19492577	1.280548233	66.3808613
19	19492578	1287238	3.665334358	66.7286582
20	1287239	1403116	11.35560724	0
20	1403117	2125216	0.46924106	1.3158537
20	2125217	2284707	1.66231049	1.6546922
20	2284708	2296057	46.89390255	1.9198141
20	2296058	2342006	4.799525551	2.452013
20	2342007	2379658	2.65597E-06	2.6725416
20	2379659	2458900	6.878155248	2.6725417
20	2458901	3091796	1.58004E-07	3.2175736
20	3091797	3348640	3.89343E-07	3.2175737
20	3348641	3431311	11.011281	3.2175738
20	3431312	3632386	19.09295732	4.1278764
20	3632387	3689908	32.42870951	7.9669737
20	3689909	3906424	4.320908482	9.8323055
20	3906425	3990642	8.79293848	10.767847
20	3990643	3995302	807.4411462	11.5083619
20	3995303	4242632	1.498377465	15.2702302
20	4242633	4472546	3.096603933	15.6408224
20	4472547	5062501	1.746422941	16.3527719
20	5062502	5084165	74.16836542	17.3830811
20	5084166	5570330	0.451765659	18.9897904
20	5570331	6190281	0.286256956	19.2094226
20	6190282	6554043	0.487870332	19.3868876
20	6554044	6561595	1.32433E-05	19.5643558
20	6561596	6755247	3.068545476	19.5643559
20	6755248	6904029	7.673916024	20.1585828
20	6904030	6918300	7.00771E-06	21.3003157
20	6918301	7028582	3.638887932	21.3003158
20	7028583	7797088	0.462248521	21.701616
20	7797089	7871116	7.204345712	22.0568563
20	7871117	10320789	0.583328666	22.5901724
20	10320790	10517199	5.09142E-07	24.0191363
20	10517200	10535124	19.81759652	24.0191364
20	10535125	11375455	0.211170136	24.374347
20	11375456	11464549	1.991881517	24.5517996
20	11464550	11622966	6.31249E-07	24.7292623
20	11622967	11895627	3.66757E-07	24.7292624
20	11895628	11946426	3.493342258	24.7292625
20	11946427	12102090	2.282240481	24.9067173
20	12102091	12299508	5.06542E-07	25.2619777
20	12299509	12768809	0.378126785	25.2619778
20	12768810	12994890	1.571392427	25.4394327
20	12994891	13074806	1.25133E-06	25.7946931
20	13074807	13133159	6.088152934	25.7946932
20	13133160	13409200	3.62266E-07	26.1499491
20	13409201	13439534	3.29674E-06	26.1499492
20	13439535	13474230	2.88226E-06	26.1499493
20	13474231	13483083	80.41751017	26.1499494
20	13483084	13700828	4.59255E-07	26.8618052
20	13700829	13706469	1.77305E-05	26.8618053
20	13706470	13824404	8.47932E-07	26.8618054
20	13824405	13874809	24.78873304	26.8618055
20	13874810	13896294	4.65463E-06	28.1112568
20	13896295	14031833	7.378E-07	28.1112569
20	14031834	14302786	3.69069E-07	28.111257
20	14302787	14354735	1.925E-06	28.1112571
20	14354736	14400489	5.820949446	28.1112572
20	14400490	14448985	5.491333127	28.3775831
20	14448986	14535250	10.32620328	28.6438853
20	14535251	14590884	1.79749E-06	29.5346649
20	14590885	14684344	1.06999E-06	29.534665
20	14684345	15244682	2.798852655	29.5346651
20	15244683	15343245	4.789839898	31.1029658
20	15343246	15409895	6.352590436	31.575062
20	15409896	15483786	2.859899851	31.9984558
20	15483787	15503250	5.13795E-06	32.2097738
20	15503251	15590411	13.1715397	32.2097739
20	15590412	15650514	7.587429703	33.3578053
20	15650515	15721375	1.41123E-06	33.813825
20	15721376	15748477	7.185731154	33.8138251
20	15748478	15767155	94.9292124	34.0085656
20	15767156	15834605	15.86342422	35.7815585
20	15834606	16048890	1.035074947	36.8515306
20	16048891	16210883	14.73956739	37.0733306
20	16210884	16343242	15.52854229	39.4610226
20	16343243	16396936	16.58799657	41.5163494
20	16396937	16801757	2.47023E-07	42.4070087
20	16801758	16827520	6.888634423	42.4070088
20	16827521	16849468	9.028778421	42.5844738
20	16849469	16994268	4.062715903	42.7826284
20	16994269	17317265	1.821380141	43.3709056
20	17317266	17366806	6.474414614	43.9592041
20	17366807	17370408	354.0492641	44.2799466
20	17370409	17380621	561.7098707	45.554878
20	17380622	17500401	1.599441471	51.2910592
20	17500402	17504305	2.56213E-05	51.4826387
20	17504306	17532605	3.53369E-06	51.4826388
20	17532606	17656573	8.06666E-07	51.4826389
20	17656574	17661580	566.926708	51.482639
20	17661581	17815296	6.078455583	54.3206741
20	17815297	17875291	1.66683E-06	55.2550239
20	17875292	18920854	1.020177378	55.255024
20	18920855	1774066	3.284678123	56.3216827
21	1774067	2142655	2.71306E-07	0
21	2142656	2306627	6.09864E-07	1E-07
21	2306628	2335276	3.49065E-06	2E-07
21	2335277	2364021	3.47899E-06	3E-07
21	2364022	2806399	1.057948311	4E-07
21	2806400	2806468	0.001470588	0.4680124
21	2806469	3764500	0.283426737	0.4680125
21	3764501	4290154	1.423043338	0.7395441
21	4290155	4715950	0.582193779	1.4875711
21	4715951	5126725	0.968268196	1.7354663
21	5126726	5261001	3.972296407	2.1332057
21	5261002	5572875	3.20643E-07	2.6665858
21	5572876	5615091	2.36883E-06	2.6665859
21	5615092	5664760	2.01337E-06	2.666586
21	5664761	6004030	2.803203063	2.6665861
21	6004031	6012767	1.14469E-05	3.617626
21	6012768	6445370	1.09375523	3.6176261
21	6445371	6597306	6.58176E-07	4.0907868
21	6597307	6780582	0.968285909	4.0907869
21	6780583	6870972	1.10633E-06	4.2682495
21	6870973	6905995	2.85535E-06	4.2682496
21	6905996	7659405	3.520263761	4.2682497
21	7659406	7774754	3.477187294	6.9204481
21	7774755	7996834	1.599775755	7.3215347
21	7996835	8011751	6.70421E-06	7.6768113
21	8011752	8421409	3.213932143	7.6768114
21	8421410	8732209	7.07421549	8.9934212
21	8732210	9653768	4.378986021	11.1920803
21	9653769	9659704	307.6325527	15.2275699
21	9659705	9691438	9.138965745	17.0533691
21	9691439	9798803	5.259289892	17.3433759
21	9798804	9876134	6.759768525	17.9080343
21	9876135	10063485	3.307705364	18.4307672
21	10063486	10112146	10.00192561	19.0504658
21	10112147	10170111	1.72521E-06	19.5371595
21	10170112	10177661	1.32468E-05	19.5371596
21	10177662	10314804	11.07735632	19.5371597
21	10314805	10397523	18.28495249	21.0563305
21	10397524	10530722	12.12288097	22.5688252
21	10530723	10627211	11.9072465	24.1835687
21	10627212	10669783	5.348338071	25.3324751
21	10669784	10867763	12.03247365	25.5601592
21	10867764	10879335	8.6423E-06	27.9423363
21	10879336	10889159	1.01802E-05	27.9423364
21	10889160	10951337	1.60831E-06	27.9423365
21	10951338	10957080	1.74155E-05	27.9423366
21	10957081	11016180	11.27453764	27.9423367
21	11016181	11139331	9.052047909	28.6086506
21	11139332	11253348	20.44557606	29.7234103
21	11253349	11391821	15.52678736	32.0545331
21	11391822	11623041	7.281479031	34.2045584
21	11623042	-1	3.087674605	35.8881747
